id,Class_1,Class_2,Class_3,Class_4,Class_5,Class_6,Class_7,Class_8,Class_9
1,0.11203247728715376,0.30282401404075676,0.1705159256050504,0.13832034690984005,0.06595420355367312,0.00015070908750907937,0.06395906991024336,0.014628464557669611,0.1316147890481039
2,0.11516392841493168,0.29792225562136676,0.16752199893115724,0.14089273998488647,0.066461982944573,0.0001484888189263616,0.06376503583778863,0.014931302345359006,0.1331922671010108
3,0.1132424186225768,0.3009574256350648,0.169410298402601,0.13938401978961937,0.06615098844855316,0.00014983715367342684,0.06386963569374371,0.014736938863707128,0.13209843739046068
4,0.11357065148404101,0.29891400912634697,0.1677665477247539,0.14081196074463287,0.066581193265389,0.0001492583890626311,0.06433155229403947,0.014869989576331198,0.13300483739540284
5,0.1129307164411282,0.30137019712832447,0.1696541568389876,0.13918748106926124,0.06611201026774553,0.00015004314826312559,0.06390451592454811,0.014712104338734487,0.13197877484300707
6,0.11347319688414353,0.30015478364333736,0.16884610901286462,0.13995685163264396,0.06628774128946768,0.00014956633322394175,0.06397848663587227,0.014785622089674643,0.13236764247877217
7,0.11765493290233817,0.2957655194120886,0.16645078211130168,0.14102923602273157,0.0664470101702799,0.0001472248937744917,0.06316540526873662,0.015093556194649691,0.1342463330240992
8,0.11292987074257861,0.30136926533283276,0.16965329774236584,0.13918891141992865,0.06611237731978248,0.000150043164932356,0.06390517917378633,0.0147121457462578,0.1319789093575352
9,0.11324241114835414,0.30095739443619357,0.16941027373523326,0.13938405291778877,0.06615099669622729,0.00014983714808383236,0.06386964775400009,0.014736940563757836,0.13209844560036135
10,0.11318229065423549,0.3010497970555962,0.1694687366466751,0.13933556556411725,0.06614012669372994,0.00014987984179199674,0.06387228000288622,0.014731359073961546,0.13206996446700636
11,0.11207309655796592,0.30017442474048045,0.16819996050080388,0.14037558481912293,0.06660344352122313,0.0001501186424872881,0.06475756764935732,0.01480033184723116,0.13286547172132804
12,0.11387752229503745,0.2996064614795718,0.16813144782758044,0.13976644795986226,0.0663961745512379,0.00014940851892928912,0.06402950950990442,0.014850450772991254,0.13319257708488524
13,0.11289099955984344,0.30018741803302235,0.16867078228301766,0.14021643517379162,0.06641276104357685,0.00014976524467634237,0.0642887183820891,0.014782109941299566,0.13240101033868318
14,0.11319235841315088,0.2988493658603673,0.16755639513588116,0.14082984379399932,0.06665522015355137,0.00014941908173359144,0.06455084500387928,0.014888846628495343,0.13332770592894172
15,0.10533167103220441,0.30746731720237863,0.1710550679533188,0.13704290680354356,0.06625628375931224,0.0001550791964104327,0.06597300132502495,0.014417733176086876,0.13230093955172015
16,0.11258622326551403,0.303342449449293,0.17101054195333956,0.13747558115444997,0.06572322922184475,0.00015067932786308285,0.0635343399138844,0.014607291670608329,0.1315696640432029
17,0.09779106038644493,0.3173147010860731,0.17595312698812696,0.13179692371484109,0.06556857916682954,0.00016186560626596372,0.06695033141445152,0.013894486356100142,0.13056892528086675
18,0.11239422615101985,0.30391277821490104,0.17148495128047547,0.13706582199580467,0.06558916361002957,0.00015088660910497125,0.06342928420161442,0.014575594095171866,0.13139729384187807
19,0.11466363150781869,0.2989838787045845,0.1682656077850351,0.1403126677930679,0.0663136046589523,0.0001488975557498128,0.06370367849391072,0.014861121745039887,0.1327469117558411
20,0.11292987115800053,0.3013692648324731,0.16965329745949617,0.13918891162539943,0.06611237735513063,0.0001500431646746544,0.06390517910821017,0.014712145777610946,0.13197890951900434
21,0.10193199022015814,0.312044737615782,0.17474603216604115,0.1352801503479999,0.06560766792321916,0.0001574522697979384,0.06611866765275681,0.01411386207208545,0.1299994397321596
22,0.11266922993688622,0.29912160263698584,0.1675233944171959,0.14081594678046652,0.06668176517786782,0.00014972105737348266,0.06471195346509562,0.014879085359693074,0.13344730116843556
23,0.11380076391637173,0.2995978081515213,0.16848410032472363,0.14026469757169915,0.0663590349782232,0.0001493199733873722,0.06398031569710588,0.014819460075192295,0.1325444993117754
24,0.1171582350242016,0.29596401608999684,0.16601814309674504,0.14036028264487704,0.06654506270349216,0.00014756492707077408,0.06347790661790129,0.01513136364232572,0.13519742525338965
25,0.09418521761288438,0.3064432882801229,0.19527115697050212,0.13324004901693381,0.06743823813453337,0.00020799293966683091,0.06100443245479507,0.016006046258111556,0.12620357833245005
26,0.11750338284856397,0.2959317069916793,0.16655287977125782,0.14100608966570363,0.06644006586460392,0.0001473068830894957,0.06319046603942625,0.015080398378520557,0.13414770355715525
27,0.11575849184489236,0.29747984732891913,0.16738869929466446,0.14095081895950565,0.06640653954900157,0.00014820852333792038,0.06354604852862733,0.014963005325877717,0.13335834064517388
28,0.1145573348792096,0.2990065741525218,0.16825363091394901,0.14035525292716228,0.06632908239028955,0.0001489371152362227,0.06374957107493982,0.014859201874089071,0.1327404146726025
29,0.11295669343804939,0.300217405601988,0.1686867530145284,0.14015266819931685,0.06640042720424524,0.00014975317798789368,0.064253473214122,0.01478078243141138,0.13240204371835085
30,0.11310522795325095,0.30115928431824635,0.16953539493729547,0.1392806650429709,0.06612863050430683,0.00014993250808757158,0.0638786335022156,0.014724766851919802,0.13203746438170644
31,0.09885405073291718,0.3160098266745486,0.1753027652308747,0.1325844441993202,0.0656583029593494,0.00016064160236439995,0.06686062303004497,0.013950429406077137,0.13061891616450336
32,0.11194675870044234,0.3015445554568603,0.16937975582108902,0.13950884466341576,0.0663008079570724,0.00015043519198845677,0.0643923579010894,0.014702130170492904,0.13207435413754945
33,0.11933865873891654,0.2942669608585597,0.16504508795856063,0.14017304604674388,0.06641018827168013,0.00014663254632936153,0.06279580924970594,0.01528491588151574,0.13653870044798808
34,0.11275832130574823,0.3031278979493864,0.17099944811230916,0.13761656298172217,0.06570092350656795,0.00015056247061332004,0.06346309188778038,0.014618583951689749,0.1315646078341825
35,0.11228111678503959,0.3041547461234693,0.17152955925206492,0.13685692621495582,0.06559097282075317,0.000150994786831238,0.06346129292375056,0.014563969999166315,0.1314104210939691
36,0.10131449418726353,0.3126744685018691,0.17580144911126,0.135209361602574,0.06535192977596427,0.00015792975981804676,0.06594317270777854,0.014070945269100178,0.12947624908437227
37,0.09410486590227878,0.30401200733831896,0.19680810979720953,0.13447311171163817,0.06756212479383192,0.00021388185469443585,0.060712933016055785,0.016422959380762787,0.12569000620520956
38,0.11338040917492766,0.3004625529703106,0.16899729641528763,0.13966113868009222,0.06625655336385373,0.00014968156360800795,0.0639706204437228,0.014770935907633002,0.13235081148056432
39,0.1126819381785147,0.30144906140525213,0.16966215598703518,0.13926815313377658,0.06613658902059102,0.00015014378155477252,0.06399914278902338,0.01470598370681162,0.1319468319974406
40,0.11740155248099653,0.29594819512662346,0.16644906225084688,0.14100690257268628,0.06641868327411111,0.00014740416455475498,0.06317853229305657,0.01508907579454661,0.1343605920425777
41,0.1159806757698477,0.297823271639264,0.1676859402571479,0.1404465763290458,0.06632072408594225,0.00014821269816077618,0.06339634050622864,0.014944332266652798,0.1332539264477102
42,0.11387868677245024,0.29873219615123503,0.1677463990712419,0.1408635555005535,0.06655210019642381,0.0001491043489780304,0.06420922302026055,0.014878695818835656,0.1329900391200213
43,0.11387209871667991,0.2995911060756672,0.16850187668788683,0.14023277339105056,0.06634510522809713,0.00014929532952396763,0.06394444372169372,0.014820130895224704,0.13254316995417603
44,0.11394582557480112,0.299656986676304,0.16858175087057783,0.14013065328229043,0.06631227469515402,0.0001492885073343126,0.06388584520984458,0.014816839937958211,0.13252053524573537
45,0.110582324852979,0.3020525008466305,0.1693255836882801,0.139765419874052,0.066458683256826,0.00015105684009172364,0.06494822748210206,0.014670419163152336,0.13204578399588637
46,0.1142750575274062,0.29951695651500154,0.16858381644496617,0.14007048645592657,0.06626570606676511,0.0001491534435911221,0.06374374142012361,0.014827449298281782,0.13256763282793796
47,0.11814442360060941,0.29520483916478685,0.16608270841113637,0.14109388254794608,0.06647534377177547,0.00014696054952221366,0.06309426152726748,0.015139823045053619,0.13461775738190263
48,0.1129299039778701,0.3013691286313673,0.16965319911132642,0.13918901705225695,0.066112403545245,0.00015004311948976358,0.06390520214102247,0.014712153583268843,0.13197894883815306
49,0.11443093580406286,0.2993154913663919,0.16847054611083784,0.14015543606583625,0.06627988044183822,0.0001490544478277705,0.0637219595771705,0.01484038399806693,0.1326363121879678
50,0.09552008855755091,0.32042358774515206,0.17794831346572781,0.12972877553003628,0.06526936899529798,0.00016476047795965576,0.06704105257274064,0.013764712719455634,0.13013933993607898
51,0.11324283813007219,0.3009544746632873,0.16940816796369795,0.13938652314900368,0.06615159024391179,0.00014983625451850215,0.06387025403943762,0.014737103577075297,0.1320992119789956
52,0.10422101384917563,0.3161773818769139,0.17941349487846056,0.12797584331372314,0.06397809050227664,0.0001573376988584021,0.06444546450094582,0.013982540659426593,0.12964883272021915
53,0.11441866882562277,0.2993175980927476,0.1684674014017652,0.14016154077286852,0.06628170223517336,0.0001490593298638399,0.06372693178445415,0.014840219915572517,0.13263687764193208
54,0.11464609183440727,0.2989877040300978,0.16826287784737903,0.14031986682383743,0.06631675228408465,0.00014890380829339208,0.06371191555325983,0.014860743733808763,0.1327451440848318
55,0.11299078303559189,0.3012938336745076,0.16961045403702663,0.1392212897345536,0.06611801893244781,0.00015000476470889768,0.06389609957404689,0.014716834168356065,0.13200268207876054
56,0.1138902503271553,0.29959193364643993,0.16850854001861743,0.14022220805834593,0.06634091974160795,0.00014928971455809972,0.06393457609727002,0.014820164528565697,0.13254211786743966
57,0.0968895492302317,0.2752226528514049,0.21603016300042452,0.14779044953440582,0.07098321870407755,0.0002943862026329418,0.054656688988111025,0.021274975545195984,0.11685791594351543
58,0.11448355373922402,0.2989011519826761,0.1681383481275342,0.1404893201232884,0.06637398402648106,0.0001489325390613274,0.06382339456353116,0.014864785849798775,0.132776529048405
59,0.11447591882035046,0.2991759086258115,0.16836655384632965,0.14025250946050818,0.0663053126433753,0.00014900546736657563,0.06374121163636474,0.014848835573683467,0.13268474392621002
60,0.11618178521560879,0.29644244240520135,0.1665607620707803,0.1413030810874616,0.06659403242834003,0.0001478427563061748,0.06370958178286576,0.015044111365708976,0.1340163608877271
61,0.11735779812220516,0.29609796902497226,0.16665500239954917,0.14097560492593844,0.06643187195133102,0.00014738781547928495,0.06321294032443706,0.015067535372503554,0.13405389006358404
62,0.11321296825003288,0.2998352581368219,0.16848505563501898,0.14035709948248884,0.06642471130362244,0.00014957595079241506,0.06421673986113234,0.014804410829868948,0.13251418055022135
63,0.11323784034580038,0.3009643636512362,0.16941471238447853,0.1393804654403033,0.06615018011739343,0.00014984036632888798,0.06386985703601389,0.014736515802877399,0.13209622485556813
64,0.12275217933833947,0.291970529425607,0.1633099568896223,0.1379344814510492,0.06622528754501218,0.0001453159558741655,0.06201636957076675,0.01558955544318875,0.14005632438054025
65,0.11383678642107921,0.2995929968545601,0.1684919380104827,0.14024988497045163,0.06635234806209497,0.00014930715322938832,0.06396262029438006,0.014819878668468437,0.13254423956525338
66,0.11388606844606156,0.299591999494777,0.1685071327610743,0.14022454003399934,0.06634184414042166,0.00014929107013644032,0.06393676989263591,0.014820135890529608,0.13254221827036416
67,0.11415354990535778,0.2999289127582461,0.16884977495975736,0.13973194662993974,0.06620050350579118,0.00014930132370326036,0.06369934683552371,0.014805127849323037,0.1324815362323578
68,0.11297873043408688,0.30035130941682553,0.1687842729317596,0.13998132887467216,0.06636566071686137,0.00014978716455293025,0.06420917408451829,0.01477567299887689,0.13240406337784644
69,0.09537586256647679,0.32013075528647916,0.17862392471754,0.1299966321591651,0.06519580956905402,0.00016541073722191305,0.06673984702484763,0.013790058050307726,0.1299816998889077
70,0.11293974364279981,0.3013443995611988,0.1696362450101142,0.13920569833523747,0.06611639877579434,0.0001500337191221573,0.06390745669718656,0.014713609485903114,0.1319864147726436
71,0.10840372236576865,0.30367442402186445,0.16927318198572472,0.13892822340369154,0.06650089783840729,0.00015268513159672926,0.06552468437231579,0.014626555938401625,0.13291562494222917
72,0.09421799412293327,0.3058004113482917,0.19568503129062062,0.13352301781814754,0.06752167179409567,0.00020953487037441552,0.06087432424522902,0.016105043482053164,0.12606297102825467
73,0.09782867438293275,0.27400565984926684,0.21048274421786675,0.149475849673943,0.07051301879847878,0.00027883864319265615,0.05558453517642217,0.021455338906987798,0.12037534035090916
74,0.1140204453306448,0.2982669594572979,0.16734382449825327,0.1410323589095597,0.06663193045236172,0.0001489770961531313,0.06428693711447621,0.014917859962492019,0.1333507071787613
75,0.1116855722073216,0.2999389365438932,0.1677268249049096,0.14058328511583493,0.06668430719458693,0.0001503411196991789,0.06495289410779932,0.014835874748962707,0.13344196405699263
76,0.1172232143712365,0.2962580407825582,0.16675339557479732,0.14093966570067706,0.06642282840121935,0.00014746468811397404,0.06323215191608329,0.015055416717285634,0.1339678218480287
77,0.09338802169182402,0.3188086966626978,0.18672217947323996,0.12853894029815532,0.06556219253722649,0.0001804868910460416,0.06404238635867639,0.014257132730990498,0.12849996335614353
78,0.11793751609443531,0.2951544394546727,0.16593529628223835,0.1411399062695327,0.06652964368997784,0.00014702928541740305,0.06322391064959906,0.015149734104650784,0.1347825241694759
79,0.11224851816281058,0.30409885865576214,0.17160769527535588,0.13698696747909636,0.06556902010667748,0.00015097782819677657,0.06344435555548619,0.014563938691895255,0.13132966824471937
80,0.11812172642839981,0.2952202803280972,0.16608727143363738,0.14109175539409669,0.06647723920850943,0.00014697118302865666,0.06310230127142412,0.015138819634782742,0.134613635118024
81,0.11230543730831725,0.3035155108174017,0.17127386835420227,0.13758700059744935,0.065675456659286,0.00015078798904153437,0.06355182316690766,0.014590313866540097,0.13134980124085416
82,0.11457385203946613,0.29892764945549755,0.16819045442052669,0.14041562356468895,0.06634739411290763,0.00014891085255831413,0.06376765641403737,0.014863717354549355,0.132764741785768
83,0.11434992393442359,0.29923967325749623,0.1683718271879082,0.14027282680846972,0.06632284489510462,0.00014905786704867889,0.06379411303540407,0.014843678236596191,0.13265605477754866
84,0.1133261185610038,0.30018188797686285,0.16792628712351448,0.13901547347122908,0.06643636812421513,0.00014988355533877837,0.06424648926648731,0.014853776015035845,0.13386371590631257
85,0.11286109419535294,0.3001322516475839,0.16860975282330537,0.14027990933833215,0.06643302829588232,0.00014976322363582413,0.0643207957131201,0.014785433986085571,0.1324279707767019
86,0.11496454117507195,0.29869645961087865,0.16809436280511703,0.14035068914387222,0.06632875080102527,0.0001487354737762012,0.06364976947941962,0.014881882771706718,0.13288480873913244
87,0.11520986850053042,0.2981157055833714,0.16767848009261455,0.14068007774235577,0.0664240671213473,0.00014851495102934033,0.0637093042842593,0.014919396303682948,0.13311458542080898
88,0.11299689879428852,0.3012404229610829,0.16957006795160945,0.13926663786340407,0.06612964938209044,0.0001499891817972858,0.06390855365763311,0.014719847410571307,0.13201793279752289
89,0.11332245875313939,0.30081700713887405,0.16932902786993076,0.13946024447679398,0.06616302739785654,0.00014977863719499332,0.06386410635753785,0.014745990792331971,0.13214835857634047
90,0.1146551082155386,0.29898297009907365,0.1682619246726324,0.1403185924578198,0.06631586049773064,0.00014889987959768679,0.0637085677267054,0.014861097729399116,0.13274697872150273
91,0.1133158554155086,0.2994919961094774,0.16808690036698157,0.14042907369359786,0.06651260544117475,0.00014949652352432813,0.0643075213805026,0.014836408659010274,0.13287014241022246
92,0.11388979169600222,0.29959195426521446,0.16850838512744756,0.14022246824199094,0.06634102092035978,0.00014928986645989845,0.06393481233709963,0.01482015984425623,0.13254211770116928
93,0.11382349048642376,0.29965756544613664,0.1685373755394089,0.14019970169498566,0.0663409170046459,0.00014932744419374783,0.06395191794755338,0.01481602659639716,0.13252367784025473
94,0.11009475259628035,0.3067415909908135,0.1733413908479352,0.13581149212656576,0.06528506191571175,0.00015232247430915397,0.06370827780841207,0.014404417099860742,0.1304606941401113
95,0.10722292754140277,0.305544317684492,0.1694986948018495,0.1372967474285541,0.06633709919808407,0.0001542659584730726,0.06547288789040082,0.014579952033712318,0.13389310746303149
96,0.11324356618057833,0.30095612910843944,0.16940961435451124,0.13938457144844904,0.06615105387947741,0.00014983645689469312,0.06386940832272062,0.014737017848832261,0.132098802400097
97,0.1129622162704518,0.30125593733031647,0.16955404379786534,0.13925476351882327,0.0661374477318167,0.00015000800729646275,0.06392801240596387,0.014719852901843914,0.13203771803562217
98,0.11909700620330262,0.29420490341941224,0.16512300707836158,0.14058540851336332,0.06647267554280287,0.0001466169795786349,0.06292577609576826,0.015269169645603282,0.1361754365218072
99,0.11123827011262358,0.30376564510686543,0.17105090300725756,0.137896230701213,0.06588672327081778,0.00015120511197495845,0.06409689777335695,0.014571815150832,0.13134230976505867
100,0.11324288882844263,0.30095572754653943,0.1694090923080595,0.139385305338618,0.06615130269280516,0.00014983656694833654,0.06386989233836608,0.01473703614779745,0.13209891823242353
101,0.11451546591572061,0.2991874984805139,0.16839189650756198,0.14021870373014098,0.06629168910944935,0.00014899695394115316,0.06371471176744567,0.014848591229876208,0.1326824463053499
102,0.11280912352130393,0.30005728853209723,0.1685197575650335,0.14035963351701142,0.06646340521019341,0.00014976611352557679,0.06437249492511302,0.014790632108141067,0.13247789850758088
103,0.11175636316292224,0.30135490599150205,0.16928262410648426,0.13985646805392976,0.06636488467608218,0.00015042677721764276,0.06452412433917849,0.014706346771537652,0.1320038561211456
104,0.10569521186909649,0.30730068226665425,0.1732147748370597,0.13814264679089897,0.06572930360039232,0.0001542449547206194,0.06533892788760687,0.014345152939883489,0.1300790548536874
105,0.10496844524510082,0.319521427530906,0.1818637294323855,0.1252175306193726,0.06299995104389654,0.00015749875638000846,0.06287760197824549,0.013779782036737185,0.12861403335697572
106,0.11357085190678214,0.29847491012330496,0.1673835549018458,0.1409612495830602,0.06666158847161106,0.00014919715859619564,0.06446040680836045,0.014912024717573873,0.13342621632886534
107,0.09899484534241118,0.31584568253557727,0.17518253069844292,0.13266941431835702,0.06567965993508666,0.00016048509963192617,0.06686180219782897,0.013958077118336121,0.13064750275432807
108,0.11293586594988031,0.3013623034294868,0.1696494897657019,0.13919189054174258,0.0661128721629647,0.00015003942250398777,0.06390419709965345,0.014712562002602778,0.13198077962546367
109,0.10760963567361842,0.30519273067987046,0.17148047450045206,0.1388680726170466,0.06600422404163868,0.00015306614494063926,0.06512746956186172,0.014482696162366677,0.13108163061820483
110,0.11096508905653103,0.3073465065168027,0.1735419986242465,0.1344672097928362,0.06508631650592525,0.00015227171109044,0.06323655244955806,0.014395257250991965,0.13080879809201798
111,0.09271998695774539,0.3220791575379013,0.18390795184280984,0.12771078470519082,0.06505106943826817,0.00017458769101689998,0.06545338152737584,0.013884690807899466,0.12901838949179228
112,0.10173201580319714,0.3128016033848799,0.17207957772548255,0.1333966327358894,0.06625090079575582,0.00015817295984892415,0.06695164285641304,0.01415965277525581,0.1324698009632774
113,0.1149929474515955,0.29833619799441335,0.16791933098147566,0.1407652138477906,0.06637029558454659,0.00014862504266687182,0.06368520732409874,0.014897972303426718,0.13288420946998603
114,0.11809647663247208,0.29523085229745866,0.1660783458363083,0.14107179225059846,0.06648188212450448,0.0001469845144359993,0.06311691224247289,0.015139541011627296,0.13463721309012197
115,0.1137314972483705,0.2994019007565954,0.16828999368073558,0.140456330392742,0.06642348699631764,0.00014929676629617166,0.06407920431962244,0.014831740125244646,0.13263654971407565
116,0.11051563197351111,0.30668822575336296,0.17328493583212173,0.13551467979706042,0.06524886605878835,0.00015219319799597157,0.0635602864616875,0.014415405410466335,0.13061977551500556
117,0.1129298725030827,0.30136926267003866,0.16965329611866167,0.13918891279554363,0.0661123776016104,0.00015004316369939417,0.06390517905479323,0.014712145908636854,0.13197891018393348
118,0.11292897572933118,0.3013661180103937,0.16965048393437657,0.13919228268539588,0.06611335134382469,0.00015004265286766086,0.06390659033890776,0.014712315997715802,0.13197983930718674
119,0.11323386507230548,0.3010285064541229,0.16946403227243864,0.13932402047312883,0.06613537187568555,0.00014985823182132944,0.06385292890441542,0.01473294265748665,0.13207847405859516
120,0.1129522463119864,0.301324179506341,0.16962384154297053,0.13921676329513868,0.06611866766227623,0.00015002461004266112,0.06390693531826154,0.014714830352806943,0.13199251140017593
121,0.11286078184011179,0.3001329352777974,0.1686102094690986,0.14027947351497905,0.06643293764700502,0.00014976349036121766,0.06432076832985344,0.01478539200969066,0.13242773842110286
122,0.1129298935722813,0.301369238864358,0.1696532832809443,0.13918892272993416,0.0661123791928873,0.0001500431506903732,0.06390517542036143,0.014712147328662595,0.1319789164598806
123,0.098889891104209,0.3159491212902979,0.17526103074187277,0.13261768478047203,0.06566586586606901,0.000160614539984254,0.0668575677332487,0.01395414643064814,0.13064407751319815
124,0.1057305848137867,0.30715515216156525,0.17011330512019257,0.13705353465541076,0.06647713817838949,0.00015473776274847306,0.06616176649949962,0.014437589720642935,0.13271619108776422
125,0.0989111620700726,0.31592273763806616,0.17524453884162317,0.13263254148725917,0.06566857622900067,0.00016059153713159554,0.06685662104109637,0.013955381814704208,0.13064784934104606
126,0.11477060118664188,0.29723242526504573,0.16672554677340223,0.1413178981158902,0.0666832922878084,0.00014852436860348566,0.06418354762754626,0.014998250568063363,0.13393991380699852
127,0.11526187649205544,0.2992630793180427,0.16859086413949484,0.1395739898531387,0.06613632856736555,0.00014880609084987807,0.06335050365437431,0.01485688931279871,0.1328176625718799
128,0.09304548990490567,0.31899873268031703,0.185530199522804,0.12830112182230533,0.06631199790072118,0.00018295815115778325,0.06396283360719748,0.014257540899904357,0.1294091255106871
129,0.1073986668113198,0.3052465712793345,0.16947266154381052,0.13800899922455848,0.06654830213296235,0.00015343969482165275,0.06583576610116666,0.014535821383213642,0.13279977182881253
130,0.11470268869622523,0.29894759136670856,0.16824847336964624,0.1403208978497025,0.0663135664079395,0.00014887660849182403,0.06369387463694495,0.014863592330090648,0.13276043873425056
131,0.11809464174395515,0.2952329471280133,0.16608846480820946,0.14109594633434747,0.0664804684981948,0.0001469824663077082,0.06311281761557387,0.015137911782012256,0.1346098196233859
132,0.11333229855545665,0.3008360235974675,0.16934758937218122,0.13943740398009322,0.06615572445981563,0.0001497806890656234,0.0638526003229497,0.014745037879862392,0.1321435411431081
133,0.11401694391071003,0.2998707597389747,0.16878784553689632,0.13990781928317958,0.06623797976091676,0.0001493222230896821,0.06377565692580447,0.014804984599327643,0.13244868802110088
134,0.11812533617825102,0.2952215597054613,0.16609012352774427,0.14108946372119283,0.06647610314394745,0.00014697023684790808,0.06309998667205297,0.01513869375111643,0.13461176306338565
135,0.11811781087371187,0.29522230259432897,0.16608759960290745,0.141092126418524,0.0664776633275128,0.00014697286177947535,0.06310378263354437,0.015138680007720206,0.1346130616799708
136,0.1014010316431561,0.31260177912240883,0.17436099518464782,0.134811649014203,0.06571899851873393,0.00015812883451393913,0.06631205482606224,0.01410522090798673,0.13053014194828752
137,0.1124199554313229,0.3007213188413322,0.16887046030246874,0.1399667971000108,0.06639930228297976,0.00015007181480327094,0.06439141155969214,0.014752149741560461,0.13232853292582955
138,0.11471490896693055,0.29895172570666173,0.16825631323143114,0.1403099705360222,0.06630953405373774,0.000148874009126846,0.0636858984074177,0.014863461480816853,0.13275931360785512
139,0.10331531164260375,0.17429514249312122,0.2500089010317473,0.21140987186702787,0.07569235350317778,0.0006942586099976425,0.03886542847988122,0.0532240950218686,0.09249463735057455
140,0.11328544573624073,0.3010383577523104,0.16948766506063667,0.13928652027253488,0.06612133784859762,0.0001498445917153874,0.06382215507720061,0.014732733678102794,0.1320759399826609
141,0.10758197045411823,0.3057519398422071,0.170939093114256,0.13789424539518694,0.06625729314628946,0.0001531784427856238,0.06548626895908681,0.014465394722258242,0.1314706159238116
142,0.11320836117902393,0.30208347499925836,0.1703812333531682,0.13836866452899976,0.06583991413270057,0.00015014307953963263,0.06350925729320091,0.01467625841564149,0.13178269301846704
143,0.11292876689975727,0.30008594619121876,0.16859420565198976,0.14028606653703116,0.06642979645710995,0.00014972897396877189,0.0642987450733692,0.014788305487097498,0.13243843872845773
144,0.09887152084335932,0.31587996508248206,0.17724654484221394,0.1331945968319396,0.06517438766436327,0.00016037200585855546,0.06627857632222263,0.013920270230126845,0.1292737661774338
145,0.11406200441435117,0.29961513990393196,0.16845456251200436,0.13995459659885118,0.06632232339972324,0.0001492732694051699,0.06387647389106081,0.014829519830631738,0.1327361061800403
146,0.11498771037025363,0.2970975985395594,0.16675663041199018,0.14143776165262972,0.06667817835217493,0.00014837973674959422,0.06411454142097806,0.01499716392550001,0.13378203559016444
147,0.11293014289152568,0.3013688891509643,0.1696530768827064,0.13918909588699674,0.0661124127156599,0.0001500429818833778,0.06390515068340422,0.014712168516608786,0.13197902029025052
148,0.1139634484044958,0.2996139580695272,0.16855462970013263,0.1401630703996714,0.06631643541069847,0.00014927318871880377,0.0638855402547139,0.014819438746611863,0.13253420582542977
149,0.09379682511566834,0.3201252072110804,0.18462454223104355,0.1283390331809229,0.06530341525344067,0.00017561456293980349,0.06460628468709025,0.014031355341400825,0.1289977224164132
150,0.09253556102062241,0.32124875211004744,0.18451417083907592,0.12812075012916493,0.06514564055771556,0.0001760014514925287,0.0653775627797844,0.013986049055641641,0.12889551205645522
151,0.09742735262375368,0.31788182293023737,0.17619465123611497,0.13160099402348371,0.06544909833426704,0.0001629348061575867,0.06657364711556207,0.013876397429826227,0.1308331015005974
152,0.09419799700837075,0.2971597799613923,0.20573510844084722,0.13665117682528152,0.06895344446267836,0.00024183430703303503,0.05810814522154582,0.01754294016647384,0.12140957360637718
153,0.09396030089943076,0.32023087065837474,0.1840374958352926,0.1284313366737152,0.06524125999656813,0.0001743670978663819,0.06478853695093247,0.013996239907647218,0.12913959198017239
154,0.11349182398594612,0.29969464323112777,0.16846066954714525,0.1403393758592454,0.06640268752400379,0.0001494452184435831,0.06411572305134179,0.014812868574658387,0.13253276300808783
155,0.11292998197297327,0.3013691314878827,0.16965322222466442,0.1391889667407426,0.06611238683159087,0.00015004309581426333,0.0639051616437802,0.014712154097422894,0.13197895190512887
156,0.11341575961538382,0.3007184688678078,0.16927948002387633,0.13949546912351554,0.06616592990634705,0.00014972458442192056,0.06384324292337863,0.014752268535475026,0.13217965641979376
157,0.11310710265593571,0.3011445356295368,0.16952542479070778,0.1392885021709103,0.06612964036580019,0.0001499300924140739,0.0638797799014958,0.014726067481711616,0.13204901691148752
158,0.11812120036670208,0.29522014779449307,0.16608690986176716,0.14109205882563214,0.06647739144303168,0.00014697133147050217,0.0631026211336214,0.015138833524877661,0.13461386571840434
159,0.11427519274965339,0.29934216656282314,0.16843625825647673,0.1402290946336181,0.06631283245275209,0.00014910651250747668,0.06380076834231317,0.014837032116318689,0.13261754837353726
160,0.11293162855357622,0.30136713548956734,0.16965209312605214,0.13918979973156595,0.06611253114685547,0.00015004206873932171,0.06390490633439944,0.01471227849345726,0.13197958505578689
161,0.11388574231225917,0.2995919804441024,0.16850701167846133,0.14022473110862296,0.06634191987620419,0.0001492911698925216,0.06393694849972337,0.014820135635920093,0.13254223927481393
162,0.11293182412816251,0.30136530307778825,0.1696507284269025,0.13919144631838642,0.06611294652179765,0.00015004151103917133,0.06390535091878644,0.014712374809678004,0.13197998428745897
163,0.11722320922478846,0.29625804712016096,0.166753399498169,0.14093966411270706,0.06642282800209992,0.00014746469111630582,0.06323215258783264,0.015055416242956528,0.13396781852016917
164,0.10525622893300275,0.3078005812715358,0.1733874759650697,0.13788095095259126,0.06571072607038911,0.0001545961244212886,0.06542077246292469,0.014320428825357986,0.13006823939470735
165,0.09130660942346712,0.3216757655808085,0.18396963483391865,0.1278616101022106,0.06529532814663881,0.00017850213742722006,0.06610548544589337,0.014078857237401569,0.12952820709223423
166,0.11342477739222966,0.29959768785988833,0.16835591412683462,0.14044960619858649,0.06643931130828294,0.0001494462057384857,0.06417942941844874,0.014819117605800956,0.13258470988418963
167,0.11208021749248426,0.30442782510328975,0.17178970445808742,0.1367510449071335,0.06552943450958318,0.0001511219910411925,0.0634439466538432,0.014546737287955988,0.1312799675965815
168,0.11671031285141834,0.2975742860886787,0.1677096463445433,0.14015618849809544,0.06618685395686036,0.0001479654419023124,0.06305959846442909,0.014972256983632347,0.13348289137044006
169,0.11802883808148476,0.2953568367059733,0.16619132503239958,0.1410705295385699,0.06646414087487092,0.0001470258493313199,0.0631049234228719,0.015127002954626706,0.1345093775398716
170,0.11292987084368844,0.30136926515531887,0.16965329762936115,0.13918891152007287,0.0661123773416274,0.0001500431648557802,0.06390517917388185,0.014712145757072491,0.1319789094141211
171,0.09282935252595868,0.31883396287542376,0.18659042418066402,0.12819861279936318,0.06641741252369311,0.00018507740665628684,0.06365545775962116,0.014305717720481939,0.12898398220813792
172,0.11292988205530152,0.3013692146472113,0.16965326090652033,0.13918895118737085,0.06611238724503692,0.00015004314840529103,0.06390518819774794,0.014712148644739534,0.13197892396766642
173,0.11274559274522683,0.3026534064138435,0.17059235031933678,0.13808502458036306,0.06583872262954103,0.0001504381644964368,0.06362668950942928,0.014642239654092871,0.13166553598367026
174,0.11242220028693896,0.30133844760706635,0.16951191091294723,0.1395258267018053,0.0662177076660345,0.00015019494061054389,0.06416736988433265,0.014709521135106303,0.1319568208651582
175,0.11926805820856418,0.2941810648621293,0.16504752888805052,0.1403670733971313,0.06644215882161995,0.0001465999213583194,0.06285335144689205,0.0152827024878141,0.13641146196644025
176,0.11494732221980493,0.29708148135233464,0.16671604494231998,0.14146537043448798,0.06668558997144294,0.00014839819621404506,0.06413279223189958,0.014999514980780814,0.1338234856707151
177,0.11660176009767166,0.29624951892514767,0.16652538263326508,0.14130717198633935,0.06655557873301281,0.0001476587143237132,0.06354487762781318,0.015053671229749432,0.13401438005267705
178,0.11243709124932676,0.30052805738584304,0.16877120943065732,0.14015418441770516,0.06643315607992609,0.0001500067103248056,0.06443096166982284,0.014761163614693975,0.13233416944169998
179,0.11960682571270519,0.294343810321356,0.1654115414095979,0.1403601433736513,0.06635179523356455,0.00014647460240582803,0.06262925431298333,0.015250255310016598,0.13589989972371933
180,0.11279793886509781,0.3008846945663452,0.16921627435811318,0.1396917817243747,0.0662592659942803,0.00014996670033749464,0.06411855231807129,0.014739439212500335,0.13214208626087967
181,0.11345756593282012,0.2997372354509939,0.1684846378176357,0.14032092326550735,0.06639997408027364,0.00014946667381221225,0.0641213650535775,0.01481016934453612,0.13251866238084353
182,0.1061453611813591,0.3071172316256417,0.17087743720559787,0.137107965396309,0.06635882872519412,0.00015425397198997717,0.06597197339070207,0.014410139006183096,0.13185680949702303
183,0.11812111152295145,0.29522013242765627,0.1660868561248288,0.14109210651574786,0.06647741543847259,0.0001469713577881727,0.06310267288159364,0.015138835255967535,0.13461389847499367
184,0.11722294319487145,0.29625832437613375,0.16675355556992033,0.14093961104725392,0.06642282147719054,0.00014746483426005886,0.06323220644356835,0.015055395499685997,0.1339676775571155
185,0.09830014190167732,0.3178843873939649,0.17506812521962842,0.130388846976169,0.06571901786672792,0.00016153922672088115,0.06717034147432736,0.013899513047987587,0.1314080868927966
186,0.11445167781820599,0.2992364254245064,0.16840946704745655,0.14021475683824874,0.06629582340610418,0.00014902781969120256,0.06373566826012195,0.01484502250861612,0.13266213087704895
187,0.11382023509541485,0.2997129072236533,0.16854785009090087,0.14012771930903214,0.06633956823756307,0.00014934550347661503,0.06395194680873638,0.014813975133153443,0.13253645259806945
188,0.1033344635517821,0.3110614079952067,0.17257304094703252,0.13480486290425725,0.06608217579362248,0.00015660162407977817,0.06635944288252346,0.014205228696501697,0.13142277560499382
189,0.10957952917076469,0.30236546226512245,0.16861223817942253,0.13925436220367168,0.06656495525527177,0.00015192272539155742,0.06532629200926712,0.014716732817726078,0.1334285053733622
190,0.11319057224974649,0.30044297065067826,0.16899370078021556,0.13985842545409896,0.0662796907651518,0.00014972770198052343,0.06404328033412528,0.014767209785398422,0.13227442227860467
191,0.1132123466515935,0.3003540428064125,0.1678933209690485,0.1387727237931692,0.06643509557378943,0.00015000670501767868,0.0642817717596821,0.014854256369231711,0.1340464353720554
192,0.11133265349083929,0.3058939626705043,0.1726045249348779,0.13574255788321063,0.06535797581926439,0.00015175278380168892,0.06344435667269022,0.014467032374405645,0.1310051833704059
193,0.10914611851854666,0.3037507470603104,0.16945886539132274,0.13856314014020837,0.06650064204696049,0.00015216636430106625,0.06536945024638127,0.01460245840953561,0.13245641182243328
194,0.11325051737991866,0.29986494238937517,0.16852021321492933,0.1403153703626339,0.0664139802757515,0.00014956679041892935,0.06419357176203523,0.014802092724812765,0.13248974510012465
195,0.112943939390042,0.3013528982763794,0.1696443331526057,0.13919592600974964,0.06611354663374927,0.00015003437654406208,0.06390288445373986,0.014713124507090242,0.13198331320009996
196,0.10355073224166325,0.31003928279358967,0.17321817114417695,0.13617020342190386,0.06592294901732687,0.00015610558355216652,0.06611058977866753,0.014226216188084007,0.13060574983103584
197,0.0985503695137434,0.3162740302144798,0.17761389513315995,0.13299232778879627,0.06509541139997874,0.0001608031325926248,0.06620045987052116,0.013902944470319319,0.12920975847640864
198,0.11073121276934605,0.30103992661376505,0.16809218307083576,0.13986286326156291,0.06663165528586433,0.00015107322997820499,0.06513587913592649,0.014789020694275052,0.13356618593844616
199,0.11307524797776662,0.30118535790457923,0.16954852917864907,0.1392701024697031,0.06612653747574927,0.00014995051813266051,0.06388434279238248,0.014723542039060681,0.13203638964397693
200,0.11411964607474245,0.2994130634270785,0.16843712018389795,0.1402517746711346,0.06633311165840433,0.00014917281861598903,0.06386558538364148,0.014831970323972453,0.13259855545851232
201,0.1039378952484165,0.3093106063066433,0.17187875688870258,0.1360028649146895,0.06609550377205847,0.00015644184555892312,0.0660459360476973,0.014329306941649496,0.13224268803458375
202,0.10341449083542704,0.16673533090145792,0.25394693280397745,0.2166031424148363,0.07447529339680845,0.0007543474771638762,0.0376808804732235,0.057554013707731874,0.08883556798937349
203,0.1166062011325157,0.2974107900347221,0.1675576961309505,0.14039585154668258,0.0662505754206548,0.0001479465133442135,0.06315969730585647,0.014978788090731516,0.13349245382454208
204,0.11348727106637574,0.3002682966228432,0.16887990485641907,0.13978789267460992,0.06627956368093339,0.00014959623933126476,0.06396924596319527,0.014781906277048961,0.13239632261924306
205,0.11318956733792443,0.30044278987301004,0.16897521886733644,0.13986536838730065,0.06628986978860571,0.00014972483122130216,0.06405396643479937,0.014766358172087756,0.1322671363077143
206,0.11292987102384214,0.3013692650486661,0.16965329757892972,0.13918891151966428,0.06611237733855996,0.00015004316476825233,0.06390517912077619,0.014712145763491018,0.1319789094413024
207,0.11288831843391761,0.3002822312906363,0.1687170830942226,0.14013133016139379,0.06639956578527763,0.00014979194367667354,0.06427059214067442,0.014776768579919766,0.1323843185702813
208,0.09879040696953932,0.25843673121472693,0.22209955128411904,0.1574982031700017,0.0713891051152824,0.00033529576853975304,0.05258641845112781,0.024842087779614826,0.11402220024704818
209,0.09821699794642533,0.2633701337139136,0.22110733509367556,0.1542655744648694,0.07189541125380622,0.0003263347049420363,0.052878241680393005,0.023622064889039975,0.11431790625293482
210,0.11338182967052399,0.29978151112532697,0.16849565985175993,0.14032109940952137,0.06640570477548198,0.0001495026328317852,0.06414850558787473,0.014807352891800313,0.13250883405487893
211,0.11329295155408323,0.2998369680968628,0.16851141793755836,0.1403181390286433,0.06641156368417744,0.00014954579015074519,0.06417931361550296,0.014803850410802127,0.13249624988221922
212,0.11293155247005858,0.30136409116740825,0.16964967807797796,0.13919264886701638,0.0661132823896484,0.00015004131286735635,0.06390583256749344,0.014712446173372484,0.13198042697415713
213,0.11569508220857846,0.29829208820646047,0.16797386846816167,0.1401939586805744,0.06625365853859767,0.00014843350805797718,0.06338350618082035,0.014917351122621518,0.13314205308612745
214,0.11474337695661532,0.2978235133125487,0.16730923672658207,0.1412115362626891,0.0665362843452777,0.00014863092456339526,0.06395927999395347,0.014939864058264135,0.13332827741950612
215,0.10498586100366489,0.309278893960033,0.17269932691681184,0.13600153909715063,0.06589910839707468,0.00015527639011420893,0.06570002561368872,0.014280359990765403,0.13099960863069665
