1.760398416503286687e-07,9.995544737809356484e-01,6.425436572334352139e-05,6.772864150746027616e-08,9.683789727850955768e-05,5.879373603801270180e-05,1.059518646501352196e-07,1.931012157368411993e-04,3.218928393970874014e-05
1.576136997495711928e-02,3.861175823162246376e-03,7.328506719367361292e-04,4.705699969572272291e-06,6.279599021291481023e-03,5.470316333087782423e-02,7.243451480448498383e-06,9.184529523090221304e-01,1.969397173021227888e-04
1.211926623561091453e-02,6.088784319285738336e-03,3.659538070645929151e-03,5.197400781560720320e-06,1.285073952228049654e-02,8.288991027681248680e-03,8.007585637157242867e-06,9.567889695976079523e-01,1.905062404689487985e-04
8.760904138245516890e-05,7.444455556343936302e-05,2.035986329960145231e-05,4.917631698124372086e-08,2.529367517466854417e-05,1.207770447033879225e-04,7.293630030136451734e-08,9.996713250258214556e-01,6.868143759214184894e-08
2.908204113508337774e-04,5.677079699280563815e-03,1.345440806505443057e-06,4.991140839637768134e-07,4.304112796189436775e-04,9.918749096907846230e-01,7.918858415628253157e-07,1.190887208270285632e-03,5.332552699627689935e-04
1.302448571602743112e-09,9.999804923201333073e-01,2.752012988322936152e-06,3.924870956818720076e-09,4.831779915761035533e-06,4.571154238938810424e-06,6.182921093976392534e-09,2.451825706320133819e-06,4.889496776787873307e-06
5.795808952620214215e-05,9.838096118740736751e-01,2.682024422714104472e-03,1.819269702334079418e-06,3.541124132434083759e-03,1.197894072641051506e-03,2.849212672061204893e-06,7.926467159735143056e-03,7.802517665011972922e-04
3.745641013675887754e-03,1.406199854328197274e-01,7.845497908834347944e-03,1.030184382450067602e-05,2.669250736185423481e-02,1.247203535294168913e-02,1.592678684423863951e-05,8.080189383510895107e-01,5.791659481159006518e-04
1.166159343034817164e-02,8.482316650514552109e-03,1.120765088685731284e-02,8.330705585193377578e-06,9.511028521091756671e-01,3.192507592757296616e-03,1.353150742917313069e-05,8.303637956256791630e-03,6.027579161075869579e-03
2.250859711841848344e-04,3.122969699996534006e-03,6.539816868856699962e-07,3.297630645220741636e-07,2.694543785210630981e-04,9.953024975429337617e-01,5.239476574742534833e-07,6.669828762146977948e-04,4.115018387409426280e-04
2.960267514875599120e-03,5.601819676991902641e-01,9.786955555150026603e-03,1.333974765181033239e-05,1.475297402601093502e-02,2.451251488189251995e-02,2.064616144047260848e-05,3.858617969728866948e-01,1.909537440901666085e-03
5.922452164749764320e-04,1.628391587890311062e-06,4.022961943630688509e-05,2.531046677937441312e-08,1.161811661551237829e-05,1.916829791901291524e-05,3.738383712830204931e-08,9.993350173888021493e-01,3.027486051378490037e-08
2.173483815556495378e-07,9.989527889454926646e-01,2.323937144693387222e-05,7.006859733440591846e-08,1.878277184026493020e-04,2.891948937423258572e-04,1.129138252686518401e-07,4.397874647936641306e-06,5.421508654633979199e-04
7.157763378305022206e-09,9.999386438720042625e-01,1.150549273389788542e-05,9.804801750142861985e-09,1.515203885493688330e-05,7.516460228168142063e-06,1.554901471826947052e-08,2.634809930930356827e-06,2.451481466820692057e-05
6.136242946779423175e-03,3.708480607065641789e-03,4.141441449712878961e-03,4.438758696866311263e-06,9.769755692869073194e-01,2.246646019895578821e-03,7.271800027451816458e-06,2.243723199117066570e-03,4.536185931797726521e-03
5.823676889623473672e-05,6.921275446865606212e-05,9.086847997665148811e-09,3.241021929771258997e-08,3.650073795309473568e-05,9.997371289344666456e-01,5.194725173480283453e-08,4.332107863607367339e-05,5.550628126021490684e-05
4.424035175073066234e-02,1.434077173638180838e-02,2.723812804734095268e-03,1.343615319927443820e-05,1.645184900578568893e-02,1.424218228042906376e-01,2.082297861913770976e-05,7.783125585464599760e-01,1.474574219798994307e-03
3.751506258824225098e-10,9.999873592016105261e-01,2.497688950062326137e-06,1.671883271736661259e-09,1.795533900657590373e-06,1.024479998449662652e-06,2.653792239665648473e-09,2.153048710951115461e-07,7.103089843044232397e-06
2.712454452009386285e-01,2.336343920206432486e-04,1.050676165194290058e-02,5.596590246785042313e-06,6.276671671732740772e-03,6.668424797222948300e-03,8.621161001769883517e-06,7.045616896506872173e-01,4.931548842064251885e-04
3.028432440491767691e-04,8.458758231578610287e-01,2.664765455043636815e-03,4.633806459827970715e-06,5.698969773161512153e-03,8.883174108988875842e-03,7.168356364783626972e-06,1.360134853435734370e-01,5.491367544978963252e-04
1.557173128262763441e-04,1.324073796063299257e-04,4.275032592612809311e-08,6.960273894108730753e-08,9.150491776730928996e-05,9.993275854216249199e-01,1.122511765635832251e-07,3.417060011200993722e-05,2.583897638218373588e-04
2.938281642454233583e-11,9.999978301723203566e-01,4.356929637635336112e-07,4.426903160897847686e-10,5.105165320982618183e-07,3.055972553608373908e-07,6.983495836667273186e-10,1.442106525697777041e-07,7.726398530450447471e-07
1.160707269599240620e-07,9.996838426733032357e-01,7.603252318658142639e-05,5.272949366747949555e-08,1.078241610515657769e-04,2.832428578001607806e-05,8.312054482577510087e-08,5.380378927517340959e-05,4.992064663761160343e-05
1.541351276955668084e-04,6.798687019419886348e-06,1.791112589800396502e-05,2.329711338910897264e-08,1.052562683100132825e-05,3.272737343610616207e-05,3.438084201865719558e-08,9.997778220654336412e-01,2.231573095464815174e-08
8.475614662332815263e-11,9.999960898112157937e-01,5.452325137005376225e-07,8.275795818726110105e-10,9.167462366746725997e-07,9.251555881704342426e-07,1.303425720645042965e-09,4.016432536227206067e-07,1.119195430611937426e-06
6.643031123291454065e-03,2.828769334913055155e-04,4.093882807967130242e-06,9.098721354852704658e-07,1.397775417779944943e-03,9.814815007196282526e-01,1.437296213618790298e-06,9.834186977712938357e-03,3.541877769391161266e-04
1.342085967270400926e-06,9.980318458037138463e-01,1.205439536987672417e-03,1.879203288264185243e-07,3.232647640798478684e-04,2.346265967433880544e-05,2.954714246796570287e-07,2.065328162536027073e-04,2.076289415700240278e-04
4.627648785309591926e-04,5.302261481574025402e-04,3.744286329912093492e-07,2.679967251557342560e-07,3.274641960519716075e-04,9.965568498437766820e-01,4.239287304819914035e-07,1.999890424022267646e-03,1.217381553721098099e-04
1.025071434222061748e-03,2.001864175094260605e-03,2.448663804988853307e-06,6.576694915819094564e-07,1.203691442010531264e-03,9.934487406501637530e-01,1.057828718274717400e-06,3.854778148792904649e-04,1.930990321615175731e-03
1.520732278005895228e-09,9.999640901749302646e-01,3.535750448058734453e-06,3.930233720028773488e-09,6.400522523896958369e-06,4.263843714489743137e-06,6.277500800927133531e-09,3.434318229501603639e-07,2.135454809355782978e-05
1.320924626188952910e-05,9.928051276231388833e-01,6.006937523661089922e-04,7.718709132021667722e-07,9.772393544429450185e-04,1.073927416488424172e-03,1.204600582914731493e-06,4.243630577539436385e-03,2.841955582659986949e-04
1.394842995196610323e-08,9.999152056822353529e-01,8.205675173109851380e-06,1.536417141982113627e-08,1.703156325343309485e-05,2.649817168347076029e-05,2.410795847845546376e-08,2.094523913144535508e-05,1.206024796309956680e-05
3.038015340976931884e-09,9.999656057796799669e-01,3.570611495918624217e-06,6.205038950207768729e-09,7.523005841979219345e-06,1.013198526335482480e-05,9.800972051366871036e-09,2.837496013242661579e-06,1.031207767914541771e-05
1.732805288722732593e-03,3.050625759139972276e-02,3.251224325307348971e-05,2.765890341079565689e-06,2.050324065282101843e-03,9.458231687918721153e-01,4.345933642320765483e-06,1.840804294002685443e-02,1.439777255460023735e-03
1.322826997389879231e-02,2.302797065882210004e-01,1.526071618224709645e-02,2.161148575799404695e-05,2.891544485129628889e-02,4.510955382841733141e-02,3.351168830076560430e-05,6.639842239262806478e-01,3.166961475580138893e-03
2.765764287047938760e-05,1.031756549499001502e-02,1.701045440714292698e-07,1.739509016168029917e-07,1.241175471572246165e-04,9.890068424529530056e-01,2.761850371206358449e-07,3.242773599483351750e-04,1.989192615981774301e-04
5.332055238213595158e-03,2.958076090699700983e-02,3.474260378579767643e-03,5.674309571001563754e-06,6.166027698161257245e-03,1.252807944130925402e-02,8.701173167889880513e-06,9.426544496700326459e-01,2.499911839674872119e-04
4.041376174782698033e-03,1.739713766499824052e-02,2.428356611362357444e-03,4.180243714707434488e-06,6.277396491253853759e-03,8.350937462438758410e-03,6.409181274996931545e-06,9.613622770024136122e-01,1.319291677608860512e-04
4.946006973177064767e-07,9.992945291775903183e-01,2.508783599376411132e-04,1.107989101626175967e-07,1.686599556725024639e-04,4.339131507579056346e-05,1.742217165939238180e-07,1.306393375155832925e-04,1.111222328839165080e-04
7.085200592997380252e-05,9.544538789071316254e-01,9.340733513080361552e-04,2.130591970030576905e-06,2.666862622527217588e-03,5.381648764254974571e-03,3.306741640821292776e-06,3.613457601689844256e-02,3.526709983390071356e-04
5.228420273709385568e-04,1.189894726227655464e-01,8.733511914665961218e-01,1.622064372730984601e-06,2.039156898592757363e-03,2.541164318492597799e-06,2.531744027887902692e-06,2.688049806413670296e-03,2.402592205541967396e-03
8.628400779904462434e-07,9.989171995463845821e-01,1.398134716819142821e-04,1.712775256946073874e-07,3.710500733769924093e-04,1.857915990105583155e-04,2.699436638726498112e-07,2.543912816493131088e-04,1.304499666289399068e-04
9.648227698632028780e-08,9.995806439027519197e-01,1.518331575427661062e-05,4.394767684646253688e-08,7.531992997181152858e-05,1.636916527452211172e-04,7.011993351093758312e-08,8.294974699626007331e-06,1.566556741899242217e-04
7.250680495115796251e-03,6.620282792347399747e-02,7.139814350228046620e-03,1.396169517419028442e-05,8.735273740495000938e-01,1.946273497085058632e-02,2.274248906141262063e-05,5.656166654244286149e-03,2.072369737235148571e-02
3.139653914685311496e-03,8.266278698642638423e-01,8.014694116898897838e-03,1.602530596828599237e-05,2.694259626317279180e-02,5.001823506199109398e-02,2.515767653729960787e-05,7.716973503135014789e-02,8.046032765132341003e-03
7.326490651584563930e-11,9.999961342155264665e-01,9.123174552303102027e-07,7.073331092671076122e-10,7.565284827383290380e-07,4.097906962284253064e-07,1.117102973287740802e-09,1.818278681242892766e-07,1.603422270403669932e-06
6.182362505379737146e-09,9.999480044233040044e-01,5.769895663308450073e-06,9.869042422871195706e-09,1.267791413862061895e-05,1.412295622073318085e-05,1.550826928054157908e-08,1.111182668848389414e-05,8.281424310588603527e-06
2.365018956345692829e-08,9.998571412350947263e-01,5.082027357663482085e-05,1.662571217233046807e-08,1.724132846785676157e-05,5.783785150564800855e-06,2.634158706247051878e-08,3.201582307162692010e-06,6.574517791444615727e-05
1.186496900725991441e-02,1.171445125735764148e-01,3.941974479169191997e-02,2.242236412019991005e-05,7.602673416184065891e-01,7.383243442741017730e-03,3.591871889811997231e-05,5.373720004073504614e-02,1.012464744257097170e-02
1.387585152862116230e-10,9.999937037600826750e-01,1.050072447179024240e-06,1.034986979644948593e-09,1.329403250982285543e-06,8.043365696524013555e-07,1.640576959197045479e-09,1.954287618439369648e-07,2.914184565035758557e-06
1.965955065378181207e-08,9.998707339249083281e-01,5.781776702833415029e-06,1.849168325634463762e-08,1.647465398519366164e-05,6.340670145417609831e-05,2.897898172726235436e-08,2.997001397095391649e-05,1.356579876285068721e-05
1.018676979227256399e-03,1.608925197820562213e-03,2.057006912892230668e-06,5.634190454808599973e-07,8.012193758836752468e-04,9.942923573064634812e-01,9.058763434969847547e-07,2.906077094049200793e-04,1.984687128898526137e-03
3.704316903037130386e-06,9.948376429363813278e-01,1.865125656208502117e-04,3.956419681998080377e-07,4.638956758344549985e-04,8.454077545516394373e-04,6.153355508353683049e-07,3.568357590979497843e-03,9.346818221020282490e-05
3.685896473024805661e-03,4.339766987880125382e-01,1.131518956926575500e-03,1.466315668678987375e-05,2.098588893323858826e-02,3.736557872333957642e-01,2.295423891341477889e-05,1.625093297087894517e-01,4.017262511011952114e-03
7.256477873680510921e-06,9.962933808765264132e-01,6.704978078131256783e-04,5.499840184705311126e-07,1.036423211543360161e-03,4.385478005759570501e-04,8.644641554092004892e-07,1.184288327643452871e-03,3.681910498499388730e-04
1.536718851364258530e-09,9.999693149095658651e-01,3.967368414522863592e-06,4.006817149640592863e-09,6.257801291834687611e-06,3.727764248306666188e-06,6.381153179388220252e-09,5.206269453826315229e-07,1.619960484507364229e-05
3.057540523190930371e-08,9.998323940892219763e-01,2.589580981532022845e-05,2.209078615818155699e-08,4.005353639958608909e-05,1.884309684892285897e-05,3.518223103263446669e-08,3.917621108460100144e-06,7.880799818340654265e-05
2.335590991657255895e-04,9.194540418155454614e-05,2.981849344457004680e-05,8.838568621303068607e-08,3.982372261518239410e-05,3.336032623751030595e-04,1.315857317238932311e-07,9.992708200404755159e-01,2.100063243451287810e-07
1.240643135877520576e-10,9.999941463626604854e-01,8.170929497888022082e-07,1.000693246357813941e-09,1.372407421958836750e-06,9.448962758605920235e-07,1.586094496683335207e-09,2.113588506062015407e-07,2.505170989299267189e-06
8.209158793607701510e-04,8.580856379780706922e-01,4.054459409628921596e-02,7.512561162292789021e-06,1.443736128142250261e-02,1.204795121883940699e-03,1.168674262952987311e-05,8.302254995115387892e-02,1.864946388027125760e-03
9.307667321380426115e-03,5.139069812805418906e-03,1.980249226749482803e-03,3.165632574198096043e-06,1.469147310667399866e-03,1.014434388556306570e-02,4.818586709705966258e-06,9.718274023773262327e-01,1.241358462241955510e-04
2.594552365545409016e-03,3.995048717624293498e-04,4.589857807930650471e-04,6.410331801581062812e-07,6.504944724584345132e-04,1.101398209529015843e-03,9.701080949218807662e-07,9.947873574592551726e-01,6.095699381522223037e-06
9.977728842380880758e-01,1.206760977192237878e-08,1.409031435985118276e-04,1.099442842895751201e-07,1.441939296758780627e-04,9.389125933643368031e-04,1.762989182944787097e-07,8.021312534012778881e-05,9.225946591208617278e-04
4.015204826429741920e-10,9.999899381723572622e-01,1.089527017022270370e-06,2.048058686943985171e-09,2.281400266790740189e-06,3.026565026183956853e-06,3.220117161163065165e-09,1.554055443330783856e-06,2.104610192861109211e-06
1.779956477547434256e-09,9.999771251078933831e-01,3.954213084975724151e-06,4.609498429617109356e-09,5.635436211974023974e-06,4.416252485638407757e-06,7.262378019326023338e-09,2.733509401102492967e-06,6.121829090009637383e-06
9.995622115197617674e-01,1.817008233991603668e-10,1.838102942919554665e-05,1.953127531792840001e-08,3.745008352804640674e-05,2.465210493165184051e-04,3.132804410340844421e-08,2.800028553006126425e-05,1.073849914140588677e-04
1.342022843951461349e-07,9.996308890878613518e-01,1.674349923346984861e-04,5.136686957899818611e-08,5.893294304727296685e-05,1.270839011205910583e-05,8.033335739805621840e-08,9.175953028033300438e-05,3.800915385299786847e-05
4.984255412242795174e-04,2.053942245099431264e-04,2.000907951794999786e-07,1.780120461032982099e-07,1.996679526468907054e-04,9.980679256668310018e-01,2.823835003426408765e-07,9.111672637926433813e-04,1.167588646534492314e-04
3.416244279071641368e-03,2.326269808111266872e-03,2.413514834744875937e-03,2.918990086914459478e-06,9.863648081775520104e-01,1.326496084121747254e-03,4.780231094538143664e-06,2.283553450930297241e-03,1.861414144286726918e-03
1.959985844128955346e-04,1.845486418088162217e-01,2.530201361095835784e-04,2.063722843370659708e-06,1.280746819757541937e-03,2.131724262975289580e-02,3.138165426573396863e-06,7.923584277765564066e-01,4.072035632438979712e-05
9.691614462165402310e-10,9.999831399046416047e-01,2.353044662962655674e-06,3.262313824999545109e-09,4.074873841546164326e-06,3.778318868881689026e-06,5.149718430278731446e-09,1.455314288718161560e-06,5.189162502365000834e-06
3.869995580494165529e-03,2.586772197403103823e-01,1.006173968451233060e-02,1.208157792217363989e-05,1.790626108310079678e-02,1.658132036979359167e-02,1.865211780755140025e-05,6.918836186033751057e-01,9.891112426839939777e-04
2.560131901030758152e-07,9.975770149171402368e-01,5.330862279753662950e-06,7.928601786483277042e-08,3.897294534321166237e-05,1.972441907585634376e-03,1.234736405359275152e-07,3.726793866857264085e-04,3.310120811692602319e-05
1.882767102984599873e-06,9.780386647743755102e-01,5.826386895879212308e-05,2.564736472981540763e-07,9.150057849133622914e-05,1.346050191037471760e-03,3.911709191863610920e-07,2.044829365551768460e-02,1.469651994986776415e-05
2.165489750144656436e-05,7.874134938406122108e-01,6.318229765024745940e-05,8.863388448601089884e-07,1.485071617303934611e-04,2.389133934069160442e-02,1.342181541582261139e-06,1.884268173202497398e-01,3.277662117791390174e-05
9.830750648949175468e-08,9.997384070869163031e-01,4.088071041137436861e-05,4.700313710721025194e-08,6.636030801328228717e-05,4.809544260188210538e-05,7.382101537647399542e-08,6.999347362497465369e-05,3.604384677328920978e-05
8.663547927493073657e-09,9.998814028858438174e-01,1.007567226615586584e-05,1.028092867594249742e-08,1.840546287153999695e-05,1.163979299856938586e-05,1.647735959622624792e-08,6.397578583341593861e-07,7.780100632528459811e-05
4.612755412169658482e-09,9.999202888450401394e-01,1.516814202215318068e-05,6.145250444288351981e-09,5.703049287129131899e-06,3.026137328522557931e-06,9.796930802606740014e-09,3.821854621802579409e-07,5.541108592293187768e-05
7.735898243657424730e-10,9.999845513970407884e-01,3.947935147432392159e-06,2.625550932370134364e-09,2.825943136827736377e-06,1.493753976080849628e-06,4.149133830035166366e-09,7.130410095275676868e-07,6.460381414528573690e-06
3.058088427538375813e-09,9.999445960449823145e-01,3.012554580333178455e-06,6.299085868142112243e-09,1.241538331202209760e-05,1.299251917690367808e-05,1.006576329755058049e-08,7.421568852137678748e-07,2.622191812554926278e-05
1.097208274817431306e-03,3.205801975111749469e-01,6.595357926779471525e-01,4.031252917528751043e-06,4.567878046536322581e-03,2.336204823157985699e-05,6.284212648865973496e-06,9.807375371271818965e-03,4.377870604454249526e-03
1.852967935798071316e-10,9.999932899937197250e-01,1.393338461775503699e-06,1.195060330868080381e-09,1.311619138139271948e-06,8.240694441301730703e-07,1.889168145473896643e-09,2.985886648150241015e-07,2.879121046474648886e-06
5.022405420773019477e-03,1.684530054840283619e-01,2.411148732328107554e-03,1.121736887929872547e-05,9.860751412675426014e-03,8.982232154266581170e-02,1.729972519838629855e-05,7.234260778053814844e-01,9.757725080700762124e-04
9.266737570262341700e-10,9.999778154630204474e-01,2.866078716563963695e-06,3.063559258928108476e-09,4.911920262450045073e-06,2.859637464555734996e-06,4.875857411488500754e-09,4.377732697322626646e-07,1.110026117605633620e-05
2.924414959403914827e-02,5.823307560598739441e-01,2.143668186662581188e-02,3.962592929090087089e-05,3.777509564553836047e-02,2.028350532049355559e-01,6.254979535066938540e-05,6.074902059325301695e-02,6.552706731109246563e-02
5.150198740501090469e-05,4.872753585406082943e-04,3.394806075708315684e-08,6.768958169360077193e-08,6.142270362495832906e-05,9.991957311399294328e-01,1.080763426986973389e-07,1.012705931086292513e-04,1.025885034060585523e-04
1.962679063392367470e-03,7.124868158857939520e-04,8.469728146145525521e-04,6.243392504002118146e-07,3.701589886650629465e-04,6.020935348188792297e-04,9.405995240906958533e-07,9.954974768731961188e-01,6.566970652785785507e-06
2.416931022627474964e-04,4.977707050411373695e-04,1.854904377681844756e-07,1.459328499747163567e-07,1.925236927793459881e-04,9.979680329191997767e-01,2.363594764997407951e-07,2.879065221219213183e-05,1.070621145740377131e-03
1.963755176548585401e-03,9.061071290649995724e-01,6.515927877260567491e-03,1.135567469311438499e-05,1.491704599970380442e-02,3.818451191409147349e-02,1.792042294619714988e-05,1.825416776981701739e-02,1.402818609993977672e-02
2.827132217746772648e-04,9.435014379166003495e-01,8.093404281803432592e-04,3.858322466060399320e-06,3.217495326152022828e-03,3.968935703825633710e-02,6.063774523975023315e-06,8.881550856629026602e-03,3.608183115417347604e-03
3.885999724241761839e-03,2.241927397535589672e-02,9.555489237063559127e-01,2.700971520067395109e-06,4.436219354903394793e-03,6.833079974402910118e-06,4.206611787428581066e-06,1.157426671589770889e-02,2.121575859963758734e-03
1.771732713886175186e-10,9.999936932934760936e-01,9.937731273115846150e-07,1.225213280733103379e-09,1.460935603415883796e-06,1.173896779682809100e-06,1.935109457293240894e-09,4.110279722315286184e-07,2.263735545125435950e-06
8.483911526433284347e-03,1.155543229100459285e-03,2.970789750517107818e-03,1.866238563839847397e-06,2.395711469030341930e-03,1.419078144731478154e-03,2.844068890918499261e-06,9.835307166057570827e-01,3.953896697533880358e-05
1.200424687162074486e-03,1.144469209016087379e-03,1.883199335025147612e-06,4.776800585239155785e-07,4.106528494331492646e-04,9.948117178871869193e-01,7.667074190820282810e-07,2.158606784898671916e-04,2.213747101899346016e-03
1.067639492182634602e-04,9.535868460255528811e-01,1.773279967103580379e-03,2.638261238342892495e-06,3.639523831951011531e-03,4.213788010483582314e-03,4.100449219750953662e-06,3.615519188959773200e-02,5.178676156347977863e-04
6.273410458899006819e-10,9.999861297669968563e-01,1.499123916876036531e-06,2.658371507163563040e-09,3.684711311912091545e-06,3.716065507851007870e-06,4.196125826224782322e-09,1.341273630577952422e-06,3.621576797550027815e-06
1.188265490374833955e-04,6.977236127549639845e-04,1.070262880153354330e-07,1.299696983397327736e-07,1.067900527398269768e-04,9.984298758074232616e-01,2.059016124288700479e-07,5.535238093962765570e-04,9.281727104957669325e-05
3.619140036128362312e-03,9.020643964832293984e-03,2.897199454846957801e-05,2.583165636869320463e-06,4.165791554173375877e-03,9.752518947024784168e-01,4.115259785481446254e-06,4.515336789005940446e-03,3.391522533410584045e-03
3.150903470043850451e-04,8.998659145921842351e-01,2.574980596698389634e-03,4.836870335399248004e-06,6.915908481738327306e-03,1.044943973472298865e-02,7.517636764014244325e-06,7.900083436726507147e-02,8.654773732873647990e-04
6.813968704659936036e-10,9.999832556526789817e-01,1.668264350274848891e-06,2.636756534648441078e-09,3.773772722471657721e-06,3.681039945316450607e-06,4.185318828454293226e-09,5.602309175470896594e-07,7.053535913389836366e-06
4.823987044954985798e-08,9.996451883089033652e-01,5.059774974583135903e-06,2.911724598052216067e-08,1.461104789624204607e-05,2.374224658931546942e-04,4.539792364884872366e-08,8.045100931557460364e-05,1.714463797680762034e-05
1.180199804468142757e-03,4.326270917942088290e-01,4.062719511722164868e-03,7.825569257471471938e-06,9.768015247673027604e-03,1.690119010372466771e-02,1.205549800564933661e-05,5.349110463165110962e-01,5.298561544288914313e-04
1.248522818327192987e-02,3.798517786785254868e-02,1.534161309134242888e-02,1.548310251273467725e-05,2.904662818319804773e-01,8.516841427180229379e-03,2.431375234076835413e-05,6.342186398386872037e-01,9.464209048318386955e-04
5.882748378065194767e-09,9.998763041809235474e-01,5.562188060228317065e-06,8.714261596019254666e-09,2.139795233711631726e-05,1.473711190328257907e-05,1.403533874789343988e-08,3.541735874908237130e-07,8.161576083974473293e-05
1.725116565829433062e-09,9.999632185778216664e-01,2.121642960783630548e-06,4.560350405934350049e-09,8.218645982363671592e-06,9.381554781914241061e-06,7.273624664889792609e-09,6.434085850159071376e-07,1.640261077667019661e-05
3.148522370343878198e-11,9.999977941727875574e-01,5.435496578860066205e-07,4.434201727188585466e-10,4.426335048887318422e-07,2.542256578576133311e-07,6.987923683261174509e-10,1.427359480775641421e-07,8.215087459751634649e-07
7.288394048105238111e-09,9.999378118315019881e-01,4.399340908038234343e-06,1.001141537808716784e-08,1.076001949085864797e-05,2.464987890868338219e-05,1.581513558507881969e-08,4.651604519757067510e-06,1.769420972576973055e-05
6.565767982417877431e-04,7.183362403773323468e-01,3.473701135060356282e-04,4.974964225157171140e-06,2.421835960796781765e-03,2.629068096454479919e-01,7.847949755463973340e-06,5.865187813312609973e-03,9.453156377381966707e-03
7.953629547141411642e-04,7.824123287536040002e-04,2.407981930506590572e-04,4.461862525943212598e-07,3.716890205452796415e-04,9.441037370598309849e-04,6.726244756006385580e-07,9.968614721052339034e-01,3.042849914316597535e-06
7.623022725488169786e-10,9.999811899516570790e-01,1.981098486443266938e-06,2.913243386852044411e-09,5.227918661234826535e-06,3.474546865232389846e-06,4.630299376505519000e-09,6.029377794885964647e-07,7.515240705404239927e-06
4.173145161754292513e-07,9.964109016572937350e-01,1.138509695262280174e-05,1.084085745361607959e-07,4.420561322323990458e-04,1.669641449077738458e-03,1.764354094683476306e-07,2.897911348896946382e-06,1.462415594594507207e-03
3.763100100269784122e-09,9.999651330809562477e-01,6.130751892900168386e-06,7.015785656294378019e-09,8.305135850352971051e-06,6.866014851010964601e-06,1.104504074487641141e-08,4.817379303464664297e-06,8.725813219540962831e-06
3.525309937932536392e-11,9.999976033969327771e-01,5.808257383254148035e-07,4.725326104766104732e-10,4.830911483545559764e-07,2.722095417006663980e-07,7.450855636149591160e-10,1.434531935263404959e-07,9.157705738899945258e-07
1.355266199825123918e-02,3.407809401025709093e-03,9.420608262817659062e-01,2.446113109635495131e-06,3.245325888440417014e-03,6.247343127092115413e-06,3.780145381837159724e-06,3.681689704040707473e-02,9.040057884912507417e-04
7.817418139021712416e-08,9.997650126170900542e-01,3.720776470421965643e-05,4.210202054478511047e-08,6.937179070022531687e-05,4.021036757136011840e-05,6.623738070766173732e-08,5.338571741261605337e-05,3.462522893875909214e-05
4.148367920291949661e-04,6.713520474370576752e-02,4.749944750525723794e-04,1.977663592468698689e-06,1.250334026086656353e-03,1.040972467505116295e-02,3.003302748240647482e-06,9.202726766550904935e-01,3.724766664352483793e-05
8.242068804532882636e-09,9.999304747758706036e-01,4.191924249533412884e-06,1.130317370686585334e-08,1.064574823942788606e-05,3.017207819209600866e-05,1.772459535892851882e-08,1.560535959042489785e-05,8.872844020024883292e-06
1.024191439544410991e-06,9.986571691080891044e-01,1.893456101747043529e-04,1.824222189712886975e-07,2.580966085529308430e-04,1.566743083189788932e-04,2.851381517854333104e-07,6.576169575388254385e-04,7.960565551521089987e-05
1.460574673524769711e-02,1.399368194667580005e-05,1.018254333065853950e-06,2.139335480120701566e-07,6.984452031636509807e-05,9.815512140978690514e-01,3.446131365374117602e-07,4.033038148358705142e-05,3.717293782119098205e-03
6.902943602636393838e-04,9.012457644242486410e-01,4.777670359838296667e-03,8.163621416737447043e-06,2.660032271515368543e-02,1.419031284991484343e-02,1.282816691321024628e-05,4.987219618308910002e-02,2.602447319161766814e-03
2.752321312899402850e-03,6.510356162696961935e-02,8.840756870053341210e-01,3.948457265433498610e-06,7.412115989542174266e-03,1.260315796439672172e-05,6.120898214411590889e-06,3.920907018270586297e-02,1.424571369104520729e-03
1.806821935694180787e-05,9.922215920162988922e-01,1.167595034826817649e-03,9.186687861634378099e-07,1.405542975912219385e-03,7.213045623566235933e-04,1.436234632979102283e-06,4.073677345509954355e-03,3.898649423193809114e-04
1.166443033066554566e-03,1.120362085972998190e-01,5.200918435215490937e-03,4.269395759220500162e-06,4.409186933723503732e-03,3.498529351353059716e-03,6.519793112624060236e-06,8.735360952599791062e-01,1.418292004906298220e-04
1.010906138656925677e-04,8.020922303333293587e-04,1.011471165945465304e-07,1.274869038946272265e-07,1.362443693236896239e-04,9.985367613627358363e-01,2.030671551116923395e-07,2.864484613475131629e-04,1.369312612184066540e-04
8.864010381418065003e-08,9.997543820526765268e-01,3.760851445167081453e-05,4.447834475631663854e-08,6.650998681437363385e-05,4.667520382231405741e-05,6.994224540444696337e-08,5.724514864463922529e-05,3.737603289641396872e-05
2.999262105338593902e-04,7.909513755302872290e-04,3.242249955312423240e-07,2.373812512766304360e-07,3.738421019548247262e-04,9.978430023031925611e-01,3.797815761514656139e-07,3.533544126353097697e-04,3.379822083299605594e-04
1.029558611818761482e-06,9.988400402169118619e-01,1.566269680331949592e-04,1.803670748888480722e-07,2.608121428880485300e-04,2.003673067264687829e-04,2.827745209512808606e-07,4.337630983396733057e-04,1.068975668932353740e-04
9.998827257950312353e-01,1.197103085513365153e-11,1.122787939393607114e-05,6.805182978534578723e-09,2.214529090826174930e-05,3.734704481402427022e-05,1.086939062334472105e-08,3.148330298000430206e-05,1.505300032810063942e-05
4.789156843223890681e-02,1.059303227391433196e-05,3.029494586781534871e-06,4.275314523581951890e-07,2.437817411623327763e-04,9.485362364558717063e-01,6.862454508425140326e-07,2.262477967694275665e-04,3.087429270193604077e-03
7.887012161810832978e-02,3.999859492326741391e-05,1.455303702450389809e-05,8.737309490384416679e-07,4.013120241159219017e-04,9.046944311828244434e-01,1.408525178920726936e-06,1.494469846032354964e-04,1.582785430227213325e-02
5.592276747036438976e-04,7.225704358882936162e-01,3.260979517551538306e-03,6.278295121328225347e-06,8.004940194469610873e-03,1.338300519650580632e-02,9.700105039345336875e-06,2.516054595996942145e-01,5.999735286209500291e-04
1.517920258032640253e-03,8.033887597285043203e-01,1.592442428244688745e-03,7.786054374001006871e-06,5.804579702770699089e-03,1.390309828568972172e-01,1.241663550394277010e-05,1.954760235086153500e-03,4.669035210058618268e-02
1.832224148642481922e-03,6.094211137993597004e-03,1.313336604466019139e-03,1.654571348965730683e-06,1.708570401701765135e-03,2.354311657797838325e-03,2.515333110117835323e-06,9.866649996420733260e-01,2.817650286584659508e-05
1.528696423272414371e-10,9.999939816966184614e-01,1.345822566387652047e-06,1.067663229129752361e-09,1.161973373959832247e-06,6.680461561772763018e-07,1.687423292879148869e-09,2.644131993452410280e-07,2.575140129272173610e-06
1.006171392000646367e-09,9.999804152464339957e-01,1.546628523072918699e-06,3.447181719537158834e-09,4.584676630886980345e-06,6.650688335937928318e-06,5.446518156453693078e-09,1.586493439547334898e-06,5.206366765216135138e-06
1.723755478727535470e-02,9.118804156605007927e-03,5.714172638890703364e-03,1.061187010762260402e-05,9.361687755791169296e-01,1.295199393208267165e-02,1.724158344961307547e-05,1.051812574085743759e-02,8.262719711614735854e-03
2.187242953726607661e-08,9.997796630546486041e-01,6.196004311250858676e-06,1.990674892549472412e-08,4.889072087371720647e-05,7.136661405652017112e-05,3.191969172383992092e-08,2.143519636967745276e-06,9.166638760267735713e-05
1.479458011144542656e-03,1.460679990033262720e-03,2.821938311082977243e-06,7.498568823649253894e-07,1.254645742161017083e-03,9.933577599164553629e-01,1.196039416138143352e-06,1.580808040986833021e-03,8.618804646092871136e-04
2.682689626741379969e-03,7.675250210704388509e-01,2.465367641473792479e-03,1.265221594920244925e-05,9.833013369768777920e-03,1.590203339722008335e-01,1.983627665607152701e-05,4.935920523486893308e-02,9.081880591902024430e-03
9.607579455656529207e-04,1.313154689536926746e-02,3.341135605115566338e-04,1.244848765710064861e-06,2.191855514006245105e-04,1.041727177176763990e-02,1.873257394794402929e-06,9.749083755054116507e-01,2.563066381315933453e-05
4.814500808880664117e-09,9.999373407057112750e-01,3.013408423876917943e-06,8.376550772472542843e-09,1.402967960003368758e-05,2.321114259823198130e-05,1.331630621805810212e-08,2.146723191501949266e-06,2.023183311712585105e-05
3.957767087042299856e-04,5.298944167002713401e-04,3.206437992714649089e-07,1.872067671256106370e-07,1.311162461880443391e-04,9.981545169050828337e-01,2.997919615679424530e-07,1.220170164448080609e-04,6.658710643518610337e-04
2.804011629914787140e-01,3.154631099062272788e-04,6.454108576796612276e-03,6.424224340298186127e-06,6.106707342145867475e-03,1.665242917204196385e-02,9.906035176177371471e-06,6.894004525708529174e-01,6.533459772611996440e-04
1.181739312623242328e-06,9.978317081774861208e-01,8.163372065421124204e-05,1.692414323303932002e-07,3.128121029551208143e-04,5.614364268239425190e-04,2.715961296576685777e-07,1.547888260730024719e-05,1.195308112598807626e-03
4.722471484758980277e-10,9.999885706976916477e-01,1.275920504862243735e-06,2.230842987878154760e-09,2.833657307727558000e-06,3.113507503330523830e-06,3.519131956641676564e-09,1.122202844258633222e-06,3.077791926256855679e-06
1.388400670988767128e-04,5.185636722365191686e-02,1.094025072005068346e-03,1.101400582192931390e-06,1.662900776978808257e-03,7.109738254731141774e-04,1.669332314922268700e-06,9.445241840292628588e-01,9.938272632206304223e-06
3.746340221939571961e-07,9.993819202034051052e-01,1.487570702608992975e-04,1.012831373205630617e-07,1.824702583224972426e-04,5.734194676632907087e-05,1.592595171710796445e-07,1.496925679854718770e-04,7.918277658295845014e-05
4.817164718358240329e-10,9.999887196075560869e-01,1.646236956886281515e-06,2.230555116492532491e-09,2.938308022217781888e-06,2.343154894928611888e-06,3.520417622670296466e-09,1.006633056125374511e-06,3.339826824370976379e-06
3.258346667254851487e-05,8.932942843775530939e-01,1.177321637740294221e-03,1.459404969172109555e-06,2.024496309689193755e-03,1.352740122786397214e-03,2.242764411793603075e-06,1.020390616183497468e-01,7.581029782790964027e-05
8.102696539876465265e-02,1.872566341550370060e-04,1.451601827880518759e-03,2.944701815461767069e-06,3.523058922885848390e-03,1.256791036083364926e-02,4.519267361694444783e-06,9.011184275649588571e-01,1.173153213442571093e-04
3.236105323764706249e-02,2.448483084436778312e-03,8.995087353898709726e-01,3.431192350165292401e-06,3.920652250726922895e-03,1.522496924062448027e-05,5.299268494512110701e-06,6.050282490438720073e-02,1.234295702845831936e-03
1.346304783231510292e-04,9.761179812858910010e-01,1.146803425719016304e-03,2.614730041744365518e-06,4.589569362845766394e-03,1.047226472609029922e-02,4.158823904564084338e-06,1.361249358944264425e-03,6.170727808239994013e-03
1.897724486148449085e-07,9.995843962392242377e-01,3.108390708332969338e-05,6.374333228387699468e-08,7.782088250947104236e-05,1.610715846062984460e-04,1.007634116580201746e-07,3.728182510296521100e-05,1.079912822812638374e-04
2.413229233396967522e-04,2.777472130692778336e-04,1.172291190924905900e-07,1.260352686936457057e-07,1.491236555580803427e-04,9.989424467082045345e-01,2.017889953550673867e-07,1.548357294858354572e-04,2.340787169592924491e-04
5.892232344202492922e-02,1.949027426034471468e-03,1.346823695205448188e-02,1.046907895715126829e-05,8.972458666180289644e-01,5.484168063246730972e-03,1.695974131155388167e-05,1.598276957292608588e-02,6.920179105415443996e-03
2.639536086312120127e-07,9.989057313487300638e-01,5.161475127863865577e-05,6.880111605935889671e-08,1.261631533929290195e-04,1.391779491748381054e-04,1.107284170312504612e-07,3.187651547895145781e-06,7.736816627339003320e-04
1.934713554420765822e-03,2.351559515654807943e-03,9.922647456194600979e-01,6.032453401029514967e-07,8.787274294831128561e-04,3.313294585051350685e-07,9.393477658263104942e-07,1.854637706858733781e-03,7.137422515578400540e-04
2.643631777535562620e-05,9.817665353884581503e-01,8.027315281857478474e-04,1.214553526485042153e-06,1.694073256285984772e-03,1.838453330799571205e-03,1.888945637561110927e-06,1.361077617442390045e-02,2.578905049071902617e-04
1.227921263957222897e-01,1.820406911336330119e-02,3.116782772577419373e-03,1.845289112843700798e-05,2.516415048466589741e-02,6.205800046913896306e-01,2.974436856948935295e-05,2.869211542266033709e-03,2.072254577403174758e-01
1.428201535138417903e-02,2.502077236473978974e-03,1.171781975141140573e-03,3.554414740537493556e-06,4.226665388255735831e-03,1.801492720617214535e-02,5.450897239500499509e-06,9.596700114979093144e-01,1.235160326833801463e-04
6.983168678624950172e-03,1.515322259957552556e-02,9.952841261993980253e-05,5.480842897829308964e-06,8.155129388609173163e-03,7.835649004994258426e-01,8.557223161806902693e-06,1.852878644549220688e-01,7.421479001627636317e-04
5.452459835791926875e-07,9.992519859057819032e-01,3.095782352476613266e-04,1.107136314668152158e-07,1.531939215272334366e-04,3.820901789700762628e-05,1.744316432324396168e-07,8.478271423548273066e-05,1.614198140524607695e-04
1.133644876254556316e-01,5.129916357475419741e-02,9.325734151233317989e-03,3.601652912889777660e-05,4.760456074866382947e-02,3.550003740785155348e-01,5.639603573865020530e-05,4.096930608289312548e-01,1.362020642757877202e-02
1.841308517571794772e-04,1.021741629470921883e-02,1.272720613432659378e-06,5.082741083975206722e-07,3.779743322671365443e-04,9.867177372620947740e-01,8.024731115502680928e-07,2.159121165861098250e-03,3.410366254771310997e-04
4.043197118072405262e-04,6.626490978704188727e-04,3.852672907043935233e-07,2.568826929939819198e-07,2.980641726024537167e-04,9.975649365723729955e-01,4.082475112738202253e-07,8.491692680020052324e-04,2.198107798497869313e-04
3.449846928213044005e-09,9.999543718131557180e-01,3.103917849695919195e-06,6.785401646220421392e-09,1.032025085986183553e-05,1.440549535889528743e-05,1.077148251412919868e-08,1.838281406425736056e-06,1.593923463834049314e-05
1.052795566898053328e-07,9.985602883514997918e-01,5.972876287085157387e-05,3.465772113345481081e-08,5.141138764707095700e-05,3.528920440802921324e-05,5.615212813906964777e-08,3.600322765993215759e-07,1.292726171891512427e-03
8.563377134610698077e-03,6.140583907828481465e-03,1.849606295262978513e-03,4.052070180739926860e-06,6.019595888917376320e-03,1.204235594187755623e-02,6.218873403734842642e-06,9.652378278419357915e-01,1.363820459827410215e-04
2.358689437752857151e-02,1.517266531012753661e-01,2.218597027525679322e-03,2.142381479592493220e-05,1.844984767539464832e-02,7.161987320133842427e-01,3.375541494268445830e-05,6.620672095649536570e-02,2.155737561865760793e-02
3.497143787075050053e-02,1.512814132193614734e-02,4.679049927802000353e-01,9.470287868505512886e-06,1.235736074102092644e-02,1.976354562556241435e-04,1.456613878477893430e-05,4.681269757496157591e-01,1.289419653567722059e-03
5.253302376131298298e-10,9.999883773255417996e-01,2.530076753134266986e-06,2.228213294406771291e-09,2.657965739256178046e-06,1.549528447497180081e-06,3.516922496266945332e-09,8.297843359209239839e-07,4.049048716443374960e-06
1.326009932334420234e-04,1.529346823249377874e-01,7.668348578467273934e-06,1.339075277026060680e-06,9.460740917661541191e-04,8.394213878700697018e-01,2.107386645653073922e-06,5.771267540814787114e-03,7.828723686770725897e-04
3.419183986298552280e-04,1.543985697036290294e-01,4.113175213330073281e-04,2.352350193099462608e-06,9.546525330881741427e-04,2.049964470529007723e-02,3.570342923829989264e-06,8.233289510974255432e-01,5.902334748753740209e-05
1.408142017603326542e-04,9.078895733588014938e-01,2.152946801997606546e-03,3.223823129462634460e-06,5.204713802496725890e-03,4.548674436140104881e-03,4.996666894999989658e-06,7.966666416275094975e-02,3.883927460282500174e-04
1.672059968510202773e-06,9.980141270359101924e-01,4.473717847178927806e-04,1.957484322232411372e-07,3.480990060452014917e-04,1.087755229238674033e-04,3.124733756676767435e-07,2.759964666445898838e-05,1.051846721962060392e-03
8.719792225782530774e-04,5.956624567843684659e-01,6.711987783606935404e-03,7.689217037790074084e-06,1.286415778911413794e-02,8.314940307961706314e-03,1.187624563858432193e-05,3.749440695265585655e-01,6.108431231355355333e-04
1.114717723284686145e-03,1.194761317567258428e-04,4.842344174206109878e-04,5.171960640419707092e-07,9.972034466141319609e-01,1.548479620958085690e-04,8.650233630687884153e-07,7.272104924416859513e-05,8.491738826391016142e-04
