9.725822357773083147e-04,1.678295065678925193e-03,2.103249767841205194e-07,8.211155790220506369e-07,4.044190710215974489e-06,9.963419964593703826e-01,1.660325513760314603e-04,7.140496328460743929e-04,1.219684236851536607e-04
1.310987932695973843e-03,9.472383627367079173e-01,4.850773430830482985e-02,2.852160053248618806e-06,1.467224827081274153e-05,1.243927083667416180e-04,2.476879756391039186e-03,3.175580371327388980e-04,6.560112076860231690e-06
5.272301127950604609e-05,9.996307473727333859e-01,1.490855596232316526e-04,1.220942171747851967e-07,6.363967092377476238e-07,5.122536816703332339e-05,1.035334193061490193e-04,1.190890153695577767e-05,1.787642740102666149e-08
9.637741907317809442e-03,9.524797985050401650e-01,2.454673064129202914e-02,9.859353612252040442e-06,4.935252644456908112e-05,1.519989527901409237e-03,1.695498069267809297e-03,1.002097601260676547e-02,4.005345651713266062e-05
4.484887195027831286e-02,8.193174864020394965e-01,6.017398018169866497e-02,5.115127552882042713e-05,2.551768773330911834e-04,2.024423032090284097e-02,1.084333987749324345e-02,4.315407804969836197e-02,1.111685065027184218e-03
3.740102448708206338e-07,9.986198809279156485e-01,5.266161509026755179e-08,7.206947738466772426e-09,3.784247902392283041e-08,1.295223840226764978e-03,8.439997373817104413e-05,2.318529906414222325e-08,3.515336910762740833e-10
7.704851744228956301e-02,4.576041352604375695e-02,1.786496047585370631e-02,5.298090882667590775e-05,2.553212915377962682e-04,4.598598451108788787e-02,1.571612706179495531e-03,8.026823118339315721e-01,8.777897304249389354e-03
2.223796994227397131e-03,9.913659358724531412e-01,4.344889275778709764e-04,1.955327139903812978e-06,9.835145099621775847e-06,2.213127862070172688e-03,2.043474741569955276e-04,3.544856677321066296e-03,1.655719953858673874e-06
4.735407043859946643e-07,9.999809387842193420e-01,5.382432715402687620e-06,4.830851411464212250e-09,2.597016441387982241e-08,3.741384566677061388e-06,9.247957646690670776e-06,1.850246108604226775e-07,7.452084677269863493e-11
5.781873396251188781e-08,9.999987433598855890e-01,2.084747107811783847e-07,2.945850407363068544e-10,1.597745134248160785e-09,2.262318288670315227e-07,7.571078044988353408e-07,5.114364238743506006e-09,3.418950764275224635e-13
9.945869888086756130e-05,3.443232688700777200e-02,1.433531405381679068e-08,1.819944332842851590e-07,9.282596471347893242e-07,9.652331975113964679e-01,2.221028810044155071e-04,1.083118499086178797e-05,9.582473251507574969e-07
2.100922121966728676e-03,9.489800424455746564e-01,3.949038477616625964e-02,7.248648055272533571e-06,3.729874656471055894e-05,1.247250469138127963e-03,7.317090425062677816e-03,7.738851238585895981e-04,4.587724361286031393e-05
7.289144170985101256e-01,1.587945809079063242e-01,7.465942451426964971e-03,5.505946371606259442e-05,2.695024098627630551e-04,6.137964283530753656e-02,9.199790963959409915e-03,3.144997497605531156e-02,2.471088893255500140e-03
2.078075072397336243e-01,1.193670748169601333e-03,2.128770176904113548e-02,7.645892206188693180e-05,3.661458815203808459e-04,1.187267974453745517e-01,1.083068503793313195e-02,1.194844026579843371e-01,5.202266302981812807e-01
6.022242209964923793e-02,6.176462569626959276e-01,4.903614009840659253e-03,5.063356684795807954e-05,2.557174743349142606e-04,2.646637484790504424e-01,4.579527318841154077e-02,4.596178969075011451e-03,1.866155250094321755e-03
7.442202051332908941e-06,9.999821916798912191e-01,1.671263383583078675e-06,5.630372285636402583e-09,2.950516120436155158e-08,4.309050871029013570e-06,3.905929848630906576e-06,4.446992761856161787e-07,3.914440896275903538e-11
8.715171566195847874e-03,1.724640845777634914e-06,1.212396346702272277e-03,4.126361647398713970e-06,1.969051856492646578e-05,1.176760746250452190e-02,2.056706933659137575e-03,1.328076882615740776e-03,9.748944992872644599e-01
1.470186743128866665e-03,1.173014874704473838e-04,3.455402857723426091e-02,1.094218959173611575e-05,5.554103488368822554e-05,1.749302440168886558e-02,2.383400963663031558e-01,2.669521787205048343e-05,7.079321839818270012e-01
1.836602619467093619e-02,9.084123760218071331e-01,1.201582264285236921e-02,1.486174804855988725e-05,7.354679624877740623e-05,5.154606297794801784e-03,1.024461518660215202e-03,5.486738290402177337e-02,7.091587589550355528e-05
6.047034025782417610e-03,1.484297684459619585e-02,2.207136390678334482e-05,7.125470257335961859e-06,3.525879326737130589e-05,9.709941475389053389e-01,1.765873303584387065e-03,5.158035734300483316e-03,1.127476925399576498e-03
2.263693280555762431e-03,1.559872209337161224e-06,1.854719362877136225e-03,2.115922339942126979e-06,1.070432106803373471e-05,6.935700714668769848e-03,8.059563339412725846e-02,1.365191373947034731e-06,9.083345079407798561e-01
2.622344817098005987e-04,9.901789547655373003e-01,8.919886645643334069e-03,7.488495632120456342e-07,3.861499013513420466e-06,4.223137964884863648e-05,4.451829219581203835e-04,1.463880061159899388e-04,5.114508096103417268e-07
1.890246296599307763e-01,9.113829709103848754e-06,6.321353862191901696e-08,5.780574063425625600e-07,2.948325497112466343e-06,7.791389371043022649e-01,2.783671860758618263e-02,3.781319999637935112e-08,3.986973388829572265e-03
1.044876283815433377e-01,5.968925070449612180e-01,1.632502096638526953e-02,7.695639664636145323e-05,3.799222201296175903e-04,1.193224577499799877e-01,8.534862883174376344e-03,1.514607249173338110e-01,2.519919439846075165e-03
3.127257942169555088e-03,9.573794460216660251e-01,3.142190710272832477e-02,8.299040080112839391e-06,4.222048675586242901e-05,1.532175984228929030e-03,3.685930301869367199e-03,2.756724789607873771e-03,4.603833089400830155e-05
1.072034417834927794e-07,9.999985697284263786e-01,2.471964596428672585e-07,5.305716379203060449e-10,2.838494886218305451e-09,5.087159877998384616e-07,5.253664922909915835e-07,3.841928166518212200e-08,8.440026986845000801e-13
1.134510534086695692e-03,9.951987300348406063e-01,1.981785458065612690e-04,1.210550556715960848e-06,6.197052119043612017e-06,2.641507320494083065e-03,5.737159530480692065e-04,2.449568699058779671e-04,9.931391425137667446e-07
4.373137127274853708e-02,3.982755520510291078e-05,4.136130030355836783e-03,1.906314874735099137e-05,9.071169036571509459e-05,5.066752784569056312e-02,3.818521026956234622e-03,2.097403460492772848e-02,8.765228128250028838e-01
6.371889727565225887e-05,2.763062657676276500e-10,2.733041378437456250e-04,8.522921951134676457e-08,3.923534190922655560e-07,3.068908894700658361e-05,2.603772098086479273e-06,3.005098420982157872e-03,9.966241078239085338e-01
1.201859754738619394e-04,9.992729103832161952e-01,3.330818631668309711e-04,2.315334684824407604e-07,1.183326799264974859e-06,6.062895947941905530e-05,5.110121320196364263e-05,1.606345125399642672e-04,4.223265390023798209e-08
9.209737845014714930e-02,1.592041340977521811e-03,5.165930404127189179e-02,3.936323298622827402e-05,1.865754648612456292e-04,9.564780392577666712e-03,1.008891465931241113e-03,7.642232708264995455e-01,7.962839478474752208e-02
1.696294761369806494e-03,8.423808569250833505e-05,9.402240767391195631e-01,4.218367367096578721e-06,2.078852316377294166e-05,3.759526164996448674e-05,4.334350924288629843e-03,6.579939460959133637e-04,5.294044339125273529e-02
1.668641336019966726e-01,1.762512377696371507e-02,8.758561761622331299e-02,7.605227069838734020e-05,3.650137760864869286e-04,2.081651550448146079e-02,3.179463025232107630e-03,6.660088516950177784e-01,3.747922873329999349e-02
2.053091210375086483e-06,9.999885027661531423e-01,7.851054568822706838e-07,4.138631231567071446e-09,2.158632919217361533e-08,5.589017334816705534e-06,9.901277231299500327e-07,2.054143923231498908e-06,2.323803840028867684e-11
2.321639229847337685e-02,5.763957129356125225e-02,1.330646893214597337e-04,1.657502077651170922e-05,8.296547127304182043e-05,9.031788913553805420e-01,1.182424036484490404e-02,2.130877285757545002e-03,1.777422220611487051e-03
3.688836629013143517e-05,9.989326328216964201e-01,4.378019582225627440e-04,1.932485791279360618e-07,1.023153903999833002e-06,8.321820622009896886e-05,5.034474106188830452e-04,4.727573691872765619e-06,6.726077697495628734e-08
3.618595851076292919e-02,8.265754606250983461e-01,1.461538089203698841e-02,3.753970179575796888e-05,1.862385499544327709e-04,3.423752420077092601e-02,3.964172870619126453e-03,8.367035168603674522e-02,5.273729629247620810e-04
7.076933670813836364e-06,6.776157505435285414e-05,1.904594572181222775e-10,2.017974103081046896e-08,1.003366600940520284e-07,9.999040748398845269e-01,7.225800466207148810e-06,1.035244840717626853e-05,3.387695656250512640e-06
2.232776185515519352e-05,2.713617068342567044e-06,1.035928972203021979e-09,4.262930056695319878e-08,2.084965177697678317e-07,9.997279854236084118e-01,1.590944183714153976e-05,2.310416598433826776e-05,2.077074278994701245e-04
2.978436213580791124e-05,3.875743588460348228e-03,5.939645522682489606e-10,4.475228161146627152e-08,2.256147193636805429e-07,9.960626485495813753e-01,1.823451524807806162e-05,1.295726058469373753e-05,3.607630243768340728e-07
4.936699075322860918e-03,3.851502168877605830e-04,1.079757331565346090e-01,1.351341455317382115e-05,6.907776585198702830e-05,6.391483229882847887e-03,5.680587807940037370e-01,8.836087205988495124e-06,3.121607262597571042e-01
1.370755318275744766e-04,4.213186813856009885e-06,1.914108093689753947e-08,1.639067871036867405e-07,8.128463575333237036e-07,9.977445812956049487e-01,1.972816664143021840e-04,1.449251967771269338e-05,1.901359905435922888e-03
1.537732528027244258e-04,1.115292970342312461e-08,7.242150972228731754e-05,2.855041476629966866e-07,1.372098842968354951e-06,2.408726037724607215e-03,3.683961523253478118e-04,3.872963812802196227e-05,9.969562846533767120e-01
6.349383150773233453e-01,1.773766537882958305e-04,2.117834168067317663e-06,1.550992218441442860e-06,7.927508138370614602e-06,1.800074031263578789e-01,1.827963613919941221e-01,2.350448237970154180e-08,2.068923911529159734e-03
2.745820318155121204e-02,1.003528749247339340e-05,3.588460514502486536e-03,5.595568401365520433e-06,2.834498540256225356e-05,1.276278233304164664e-02,2.342435924493818933e-01,1.869517020317203215e-06,7.219011161632059581e-01
4.650924926927503811e-01,1.572500105968130651e-03,1.167737244945128011e-02,6.994476439318279034e-05,3.373469141506608548e-04,1.455890567501030297e-01,2.478958861801637895e-02,2.118268699768640143e-02,3.296890107074806342e-01
7.313271528220089968e-01,7.267064166408297074e-06,8.554808503723567368e-07,8.713635663903058012e-07,4.492346118014711231e-06,1.353174674635058139e-01,1.238002814823372932e-01,8.893835538909360660e-09,9.541603083611181410e-03
1.865050675266034796e-02,9.120993848264494774e-01,5.028304351187046391e-03,1.987893110171009526e-05,1.011788284110429691e-04,4.235982815617485298e-02,1.993422814077943153e-02,1.563105382317587057e-03,2.435846309186217944e-04
6.471127586755176520e-02,3.022990319850014096e-01,3.405107928959780726e-03,6.721702998032268509e-05,3.325110079070602758e-04,5.209960991607341940e-01,1.025071906596821021e-02,9.357643027872540598e-02,4.361607675171904480e-03
2.447031289926200029e-04,9.993764277630942106e-01,1.210356416230741927e-04,1.864039971973649452e-07,9.640310552642093750e-07,9.259672222955069325e-05,1.496312480569021177e-04,1.442613683890569405e-05,2.892411223709663923e-08
2.434960624941775661e-02,9.539589058140244271e-01,8.086214163424869979e-04,6.771612239114094201e-06,3.439351555436021744e-05,1.490079800707037709e-02,5.460787547629671577e-03,4.598537776402994068e-04,2.026206008171006759e-05
6.785073096658995992e-05,2.389687591487893697e-04,1.848559648231186126e-06,1.329907253156247843e-06,6.431056303295874246e-06,9.492682172878356139e-01,4.515465564234425757e-05,4.763112020026299270e-02,2.739078842939029167e-03
3.491191481887413370e-04,3.724803948962678241e-04,4.782306211674387508e-08,3.545027419493663277e-07,1.749166018221586883e-06,9.988831811743161815e-01,1.180316369838241893e-04,1.616024618770705277e-04,1.134336919155983398e-04
5.015145827829219083e-02,8.298925711641855218e-03,1.236852982749358327e-03,4.264323417236534831e-05,2.099618649665540475e-04,8.523619836631534108e-01,2.091513681336512956e-02,1.183086528897577677e-02,5.495217216268343668e-02
1.535571444324126001e-03,9.702496632033231760e-01,2.721456385444994894e-02,4.204942867572220555e-07,2.167823644015695549e-06,2.347737078966444707e-06,9.897437661192990364e-04,5.403702992341717107e-06,1.179737815003109368e-07
1.489032148748223039e-01,1.070358431844442848e-01,3.509735667853214336e-02,5.877521031047308278e-05,2.835936360447841227e-04,2.257122727610571741e-02,1.825191782080076144e-03,6.799422088877403736e-01,4.282588469919797018e-03
2.452553969793339061e-02,7.982530457528054235e-01,4.718017767342516156e-04,1.666599523094329827e-05,8.325098863325397459e-05,1.521323898278056086e-01,2.192292500110367814e-03,2.220945539172064498e-02,1.155580690262092484e-04
8.729478584939626617e-05,9.992965525377928149e-01,1.380366001535972640e-05,1.475790911559141885e-07,7.593178531442953909e-07,4.860032667696650489e-04,3.673377932724876659e-05,7.868619722097288196e-05,1.887608025036407496e-08
4.715580717902687763e-02,1.754647644345665169e-02,3.646429792958542655e-03,4.537361637929160189e-05,2.182034103484556116e-04,1.895893344650170509e-01,1.425226369618313744e-03,7.227219557620732093e-01,1.765119296112178243e-02
3.647061650096236282e-05,2.287482784313692413e-04,5.727333040332483601e-10,4.288759471302342419e-08,2.129919033283395615e-07,9.996972910594067452e-01,1.322382245436381828e-05,2.046706637050927334e-05,3.542704604636557281e-06
1.585922571794146346e-03,1.693427910851557500e-02,1.085768412033614527e-06,1.586439125528132572e-06,7.997694545085884594e-06,9.798624758964508130e-01,1.373045745528260475e-03,1.564724493085809843e-04,7.713432631984677853e-05
7.276135189600128894e-02,6.994432619170087850e-01,1.770338771124460586e-02,4.219422396770582768e-05,2.074032858012984459e-04,2.571306264048658571e-02,2.561734552209007226e-03,1.809979363091924198e-01,5.696674640883234815e-04
9.253722385283522089e-02,1.200323817754908162e-03,1.343805231739394980e-04,4.400405719070814002e-06,2.288368876141703176e-05,9.149093391799889563e-02,8.079904081298007190e-01,8.271459328968689831e-08,6.619362949362556613e-03
2.133402786964983815e-05,3.502215789152454011e-11,1.674189810368216459e-04,2.417552338518908083e-08,1.127336575639905968e-07,7.479621858336370991e-06,1.111032518871587037e-05,1.593064165069221278e-05,9.997765894581926993e-01
3.607615426499176381e-02,1.291560862702772691e-03,7.052221669091286727e-02,3.282206451805836121e-05,1.561298434046169204e-04,6.805033770016479661e-03,8.420935098447718996e-04,8.007622898487569696e-01,8.351169914485158385e-02
1.415408289477502468e-01,7.033332183411997174e-02,7.822213655879170502e-02,7.750804275156451307e-05,3.743884864743520879e-04,2.323865538018409990e-02,3.223584749313342102e-03,6.708941277275436432e-01,1.209544827307103970e-02
3.956425447570920823e-03,7.221146722778719806e-04,9.499200621400767375e-01,6.823213846069260818e-06,3.304302974191752180e-05,4.182565362238982801e-05,5.744943637866899459e-04,3.446324704586150450e-02,1.028196443321599887e-02
8.204901525478858898e-05,1.363300293014247429e-03,6.167851112074134436e-09,1.217882777545488648e-07,6.127461697271937240e-07,9.984432101607388921e-01,8.659465226796471556e-05,1.760225401381377923e-05,6.502922411881671629e-06
3.925277389301690543e-07,9.999962206260311071e-01,1.782799656197520485e-07,1.197914114237028746e-09,6.314355101896061941e-09,2.426864157148616489e-06,4.676865625996862476e-07,3.065004260419980195e-07,2.849275046444024987e-12
2.993431423727317339e-02,1.347336682175609407e-05,1.862522690203417992e-03,7.483258051813137626e-06,3.742886723697122937e-05,3.575806785944833643e-02,1.055364081389395664e-01,1.320955691929360514e-05,8.268370920251056910e-01
1.382950445600374767e-05,2.893518606919509134e-08,2.918781214445220071e-05,3.601785875135760832e-07,1.731733474651326367e-06,1.698794939506380330e-02,7.861275607419167027e-05,1.376847503362314774e-03,9.815114521816509230e-01
9.143548157430817609e-05,9.995669912497433529e-01,2.417015473308732599e-05,1.314098813253583007e-07,6.745706480342594183e-07,2.040312322631381101e-04,2.778777230736973895e-05,8.476436464939714774e-05,1.376420004461342478e-08
1.133671493488187538e-04,1.129152283975831531e-04,1.564542976741704481e-08,1.374274206194563886e-07,7.099033730805558283e-07,9.985997581123778888e-01,1.061313556528388187e-03,6.365359982413694456e-07,1.111464411255691742e-04
1.604497005258589265e-02,9.199038885908478180e-01,2.106999898865920609e-02,2.166890517105534469e-05,1.082273740649787320e-04,9.470771588384852349e-03,3.282873102401392875e-03,2.990232597041879783e-02,1.952754274659398591e-04
2.519246743055713472e-03,4.620571579766523385e-02,5.104383826332907857e-06,3.423691073109085193e-06,1.717681474644802488e-05,9.486099781732912906e-01,1.370058472987588285e-03,1.146896734917847828e-03,1.223991884365863267e-04
5.566509303398997632e-02,1.106497454588023163e-02,3.241270908173493615e-01,1.261443245637330034e-04,6.243271827661196630e-04,6.179056512693516245e-02,9.124705139282941746e-02,2.851526759403701788e-02,4.268394859816490583e-01
3.447771339903547838e-02,2.087553325471667998e-01,8.877252843262488022e-03,3.501522821228877729e-05,1.701377529960327695e-04,3.845748089484819082e-02,8.613108627739655574e-04,7.072270948411377711e-01,1.138661630567103754e-03
2.304324282530561818e-01,2.650166153605497746e-02,4.258319312018275793e-02,1.524982269852910393e-04,7.400297813179071947e-04,2.417287481424618412e-01,1.919150576025536667e-02,2.966012248664197104e-01,1.420687103132659279e-01
2.330220681801091747e-03,9.854923306206653244e-01,4.811994271106548120e-04,2.062286628665347685e-06,1.029886080095638562e-05,1.955210193101958229e-03,1.138625259547659205e-04,9.613212196531601209e-03,1.603207405113585455e-06
5.695000542451832126e-03,9.749854230751545670e-01,4.800120120806836491e-03,8.361434536751340273e-06,4.214789295928333387e-05,6.258460202778794168e-03,1.867866079555305847e-03,6.307806945355268029e-03,3.481370640143140226e-05
3.978920367233688971e-02,2.274088806623530349e-04,1.449501087383789702e-02,3.800875844112192416e-05,1.810947555547817419e-04,6.249200559426929674e-02,3.289309433552877436e-03,1.720392012557187267e-01,7.074487567756261308e-01
1.607960621683717783e-01,4.425605879608877913e-02,2.127181560575692673e-02,5.941970619013076099e-05,2.855522841215031864e-04,3.857745411728922408e-02,1.811848977858717628e-03,7.235190763950898329e-01,9.422711949233185391e-03
1.640146285321589584e-03,9.821035101737034534e-01,1.333422323933344984e-02,3.229334239044927419e-06,1.650129057562112767e-05,4.677246638502066678e-04,1.702832470728534320e-03,7.245904363399175395e-04,7.242105908039303515e-06
1.678580846604884550e-03,9.717950974382620899e-01,2.327203137588328141e-02,3.667726931298528310e-06,1.875342074880537605e-05,3.781659913270737829e-04,2.066166695409078335e-03,7.779236346537900509e-04,9.612870179939718931e-06
1.199246272872475996e-02,1.969940172336897277e-01,1.144685915873350050e-02,6.404024436954551720e-05,3.153282390369317148e-04,2.497322914546473427e-01,4.216557484998585681e-03,5.176905954434336543e-01,7.547848012366038979e-03
3.344343205094080229e-01,2.341202249764335330e-01,4.953730546674999478e-03,7.738658923745033032e-05,3.778723310188643000e-04,2.351507060396364757e-01,6.199984923147159807e-03,1.807047837590928518e-01,3.980990325350769118e-03
1.136239941764133158e-05,4.772942052165049097e-05,8.489382599053722391e-11,1.599466374817242696e-08,7.916413665219433619e-08,9.999250382847644225e-01,4.807253350316878505e-06,8.599061127216405575e-06,2.368337124395651035e-06
2.618111051822803736e-02,8.751018535228057837e-01,1.385013689603517041e-02,3.721391373373671553e-05,1.864545539140659422e-04,4.774762928265276901e-02,8.881472284746646031e-03,2.736781485808679332e-02,6.463141697970122175e-04
1.323368557175753392e-02,1.459724337978665019e-05,1.180395264775335393e-02,1.057758890365370216e-05,5.089165984722312359e-05,9.384660347221461182e-03,4.782942223558660395e-03,4.340976471825856026e-03,9.563777162457525183e-01
2.335856898456669939e-01,8.341775922177760427e-02,4.915472416611246786e-02,9.743034943199671875e-05,4.712619133454045155e-04,5.325062897648489418e-02,5.060242616114702177e-03,5.591923678834278544e-01,1.576989502763807144e-02
2.330445025009883833e-02,1.076741853551613226e-02,2.361280832838033561e-04,2.191253741264034211e-05,1.075877350204185379e-04,9.323966346040569730e-01,5.346752437542769132e-03,1.654647831839831801e-02,1.127263749867017315e-02
4.418112580243814015e-03,9.588406000141556085e-01,3.079940799754457559e-02,6.513152356644011143e-06,3.290139276813361841e-05,6.892701950648267781e-04,1.927737360428838148e-03,3.262987463883888512e-03,2.246984355380647903e-05
6.301572891205514844e-03,8.093647841091951468e-06,6.826306885768232934e-03,7.881069577135959683e-06,3.776678807381139919e-05,9.970530853230814144e-03,2.354483785400914107e-03,6.905395993189227845e-03,9.675879680857133458e-01
3.452886869152427263e-02,9.042438667435946931e-01,5.697853999483110977e-03,2.112510405973297656e-05,1.071928084218349674e-04,3.359876445743387174e-02,2.003716562681229565e-02,1.533857338679840698e-03,2.313052299902920380e-04
4.689122280178805932e-03,2.386165087252213381e-07,2.395154084594712778e-03,1.638960755448022982e-06,7.840238838309490996e-06,1.125934623509498899e-03,1.526076917941322037e-03,2.044679435593816481e-04,9.900495263341139163e-01
4.299529859386883035e-02,2.319417759038703251e-03,9.943333334029213957e-04,3.909494080105614807e-05,1.888035033724492747e-04,7.615604640056887753e-01,5.509987949895909370e-03,7.397011220266676290e-02,1.124224877112647292e-01
4.271109711234860940e-08,9.999966178262370553e-01,5.167115025666717733e-08,3.933316433038441949e-10,2.115214968774167747e-09,2.029645195824334324e-06,1.249628724321236270e-06,6.008266094701072282e-09,7.827162191550482521e-13
1.007550517427534908e-05,8.241957738596900063e-01,8.571050376492373335e-08,1.129614062964721511e-07,5.862517690992870415e-07,1.745625327604719279e-01,1.230376495007812123e-03,3.912437193596956569e-07,6.521225739864911600e-08
2.987101998490602518e-03,2.874727684765924184e-03,2.403463927939311318e-06,2.621213489105651804e-06,1.286400937852910413e-05,9.902095204917882310e-01,4.806429173259629492e-04,2.781808517234751321e-03,6.483097035987434118e-04
1.031033031804834132e-01,7.756284898377734105e-02,5.679228927025976176e-02,9.259445415806537738e-05,4.491059234216310345e-04,5.731457752817226831e-02,4.759324857386252813e-03,6.809884718785282898e-01,1.893748392381301715e-02
4.572153564132567832e-04,9.878322803612134365e-06,1.683504349342045371e-08,1.987781267864906474e-07,9.776310649223962164e-07,9.983612885099291123e-01,2.051178769649097022e-04,1.575637978237134958e-05,9.495503098713397021e-04
1.014027907165523221e-06,9.999366601039261226e-01,1.802858763921942315e-07,4.584198356777406164e-09,2.419989358914183582e-08,5.580684917995562224e-05,6.077844378137168840e-06,2.320499483336735550e-07,5.469187751144189380e-11
6.044183704996739220e-04,5.044361570485786928e-01,4.886090789772662979e-01,2.078345621261732621e-06,1.091036821273477489e-05,1.219703161656465396e-05,6.272927162949555949e-03,4.348767037315467114e-05,8.745024882032859340e-06
1.642167535611112035e-03,9.927774100356254738e-01,8.858294379171131406e-04,2.057868842701114659e-06,1.037483857369242002e-05,1.521198752669563042e-03,2.773473863068712025e-04,2.881507462642627065e-03,2.106681810853068867e-06
1.744834782736797102e-04,9.988989196706601348e-01,5.086878364860177850e-04,3.865459117814146488e-07,1.990347844031630056e-06,1.412457667136593248e-04,1.714361039287876033e-04,1.027161002628035227e-04,1.341499190101190171e-07
8.284940776244846816e-01,4.463128592962457906e-04,4.784349047030860350e-03,2.786922944886732279e-05,1.335344191257566832e-04,3.245197769320807418e-02,1.106218112456511943e-02,4.641507911918976541e-03,1.179581900909214276e-01
8.997472396136714913e-05,2.005514159431279338e-04,3.142390234446240893e-09,9.746932699304295361e-08,4.812550911389929083e-07,9.996077901719361281e-01,2.698834004372814013e-05,5.665748407815377895e-05,1.745599722931208530e-05
1.287053347610339626e-02,9.478589222996425256e-01,2.835710264161696997e-02,9.603448961499954712e-06,4.888117592474184415e-05,1.572799873100128596e-03,8.423473976831883508e-03,8.091137438005199583e-04,4.956936401845385447e-05
1.887670069829581465e-01,2.005026678346056024e-01,1.751065228792882122e-02,1.087110854904482267e-04,5.306710957289756652e-04,2.048540972060321486e-01,8.338952474899862660e-03,3.684348841295789212e-01,1.095235690277717583e-02
6.041892291193028987e-03,9.064697248388245976e-01,7.999534104968668291e-02,9.074123727069727184e-06,4.606736236056539307e-05,6.245283161325393710e-04,4.721876735916793501e-03,2.042165731105023609e-03,4.932955105367571428e-05
2.808961853766061556e-01,2.532785605968475447e-04,5.615852342706145120e-06,2.284373481672457274e-06,1.185934885205671465e-05,2.761161020391072474e-01,4.379202341334654802e-01,2.421883881555926889e-08,4.794416096709056690e-03
2.290423077849366095e-04,8.844562422311881686e-04,3.695423210726397141e-04,1.006306469983371654e-06,4.757659944706950383e-06,9.984519030107991914e-04,2.545944053998178437e-06,9.973463456165319041e-01,1.638516989000250528e-04
2.310639584227760779e-01,5.037134938890654211e-04,4.439425270779781725e-04,6.413946560834215677e-06,3.297881546863759122e-05,4.886673110662653058e-02,6.974551006669698072e-01,2.360933223808237088e-07,2.162692492730866958e-02
5.672612243628694789e-02,9.248968362238143559e-01,9.252081204962450331e-03,8.569102730761406591e-06,4.325182676240935760e-05,1.843339042027069153e-03,6.675346239149735142e-03,5.286671363048261758e-04,2.578678796140716536e-05
2.472572805064400915e-04,9.961519476229728776e-01,2.576754543680225516e-03,5.938338638760987256e-07,3.097436395934896284e-06,9.756026169199108282e-05,8.948559231519940399e-04,2.754226696453230657e-05,3.908307721845990329e-07
2.290709742146564295e-04,6.081857485187159654e-08,1.965540923708081482e-05,5.935990173786570289e-07,2.871612060068264375e-06,3.488758544707851184e-02,6.106958729613994226e-04,1.162096615948918519e-04,9.641332566052612796e-01
2.144580866692414169e-04,9.976458985719317551e-01,1.045874133280632430e-03,1.716935450668523327e-07,9.067698882835334563e-07,1.603062724053282948e-05,1.075951135922182268e-03,6.714901366062962872e-07,3.749138578223807833e-08
1.188548139261748349e-02,9.171867638981855420e-01,2.057766862123276783e-03,8.636225117881375849e-06,4.270536982017104016e-05,7.884809802664351219e-03,3.663916635293490149e-04,6.054486827937374110e-02,2.257650656821267205e-05
2.956040715470387446e-05,4.623733427927533194e-09,3.257644195291903820e-03,2.283912062466627470e-07,1.074086567166798250e-06,4.110251703138171155e-05,1.412194602410855355e-05,4.393758420956283932e-03,9.922625054120347565e-01
1.895958478788732290e-03,3.517687676559339699e-02,8.512179190834251756e-06,2.540604415019267353e-06,1.330539336591262134e-05,8.680545688528880088e-01,9.461135571648195131e-02,1.072710644833650232e-06,2.358092986313101017e-04
1.333077970440320460e-06,9.999734230474957020e-01,7.352036171725912426e-06,9.655586335448210772e-09,5.113273656291462522e-08,8.292914858305458023e-06,8.434543514405817266e-06,1.103379014460979041e-06,2.126519165732843266e-10
1.123813797079367821e-01,4.241325609552086817e-01,6.515268141411975633e-02,8.194970841702035533e-05,4.012287188567760813e-04,3.334234496305046869e-02,5.414378422636013065e-03,3.557723290556224494e-01,3.321147054152152802e-03
7.186023878501470070e-04,9.936035430608505248e-01,4.105100639906122430e-03,1.377218637944275584e-06,7.098536156109463088e-06,2.764471186550766270e-04,1.134710770125282485e-03,1.515343086502646242e-04,1.585959168424820317e-06
8.672430174613291398e-06,9.998603179693150711e-01,7.244258011312466937e-07,1.762511328386827941e-08,9.168663189509100650e-08,1.176490540002342273e-04,4.789918613735750762e-06,7.736512392175299839e-06,3.779582527750690661e-10
5.857037183537844627e-06,9.999531412774086414e-01,2.952675640699972629e-06,1.467518012634326751e-08,7.683290383933184549e-08,2.728203536812774552e-05,8.349457369653459768e-06,2.325684798240049711e-06,3.241469879787636948e-10
6.319334218625588924e-06,1.387064535877262745e-11,5.866566192989250373e-04,1.434108695445390232e-08,6.670010168101266729e-08,1.113202369886734870e-06,6.535413432284203856e-06,1.239790818923831132e-05,9.993868964674317290e-01
1.785143012401433152e-02,2.823171050900942503e-02,1.187060961801476855e-02,2.315076750301248937e-05,1.113423537964909567e-04,1.511115232579168452e-02,4.007794447364213886e-04,9.234061859038872333e-01,2.993638953246603902e-03
1.157434633305136785e-03,7.698375459438717462e-03,4.293812195446825504e-07,1.237179314161708242e-06,6.102175944848285474e-06,9.881491036606416811e-01,1.318675994720089014e-04,2.792240932729581158e-03,6.320897793421191720e-05
8.467146229181036866e-06,7.960122992834730259e-05,4.370459358431054545e-09,7.768195666420588134e-08,3.815730275999913051e-07,9.995976804969741725e-01,1.042373635429305158e-05,2.628909670004218467e-04,4.047279806988791364e-05
1.301360591934379871e-03,5.518339977109365323e-05,2.060176516104710349e-05,4.360974919090647365e-06,2.115548242143889331e-05,9.076886528327109405e-01,1.085021386177241910e-03,5.678615219084690198e-03,8.414504834782016163e-02
1.166697416860789919e-05,9.999574645067004219e-01,2.650873892017095722e-06,1.439148797165173922e-08,7.481897166705799770e-08,1.921358685430496247e-05,4.537854059140605457e-06,4.376770455693714311e-06,2.234100237990915762e-10
1.216651875807539098e-05,9.999118011368862691e-01,1.833260339397798123e-05,3.700500013949584388e-08,1.918379083808819809e-07,2.973551385060501298e-05,1.131201030745543827e-05,1.642170051573413204e-05,1.673379560396726957e-09
7.274660702078186020e-03,8.289240411462308611e-01,1.390487342248145908e-01,1.204238303746142149e-05,6.200263444540674040e-05,9.126998501654694880e-04,2.322779381026553874e-02,4.147773334446795451e-04,1.232479155177307122e-04
8.029089280083950494e-03,5.212801520865856242e-02,3.873280899281895209e-06,3.787845360292719529e-06,1.893463594286694170e-05,9.372509456449937826e-01,1.240784045559514262e-03,1.230402547447775495e-03,9.416751105382738457e-05
6.305168024992663584e-06,1.890856975619551350e-05,8.207940828473558718e-12,5.519420245611687353e-09,2.739892183152438015e-08,9.999702056266271954e-01,2.136111266519942037e-06,1.727435267266408907e-06,6.841625076846080219e-07
6.767604937737836798e-04,9.953848875314603717e-01,2.693438213491813026e-03,1.085458783530845619e-06,5.594331417699083283e-06,2.362613122000908460e-04,8.881254508898671352e-04,1.128830872160983264e-04,9.641207669285168346e-07
1.742369956915947593e-01,2.287283347442881087e-02,3.199366117465732295e-02,6.120647463727396545e-05,2.932356688061387058e-04,2.893481256320302661e-02,1.939684373208843933e-03,7.220765088135752130e-01,1.759106176588877066e-02
7.188554076764795686e-02,1.433336265000348213e-02,7.680570205863109789e-01,5.138060903103870778e-05,2.499261609901674104e-04,1.840484986720853115e-03,6.239434462317224733e-03,1.082212726170886374e-01,2.912157715988969095e-02
8.562176243573658974e-02,5.058204899720695202e-01,6.723576515620695304e-02,8.706492370602026093e-05,4.282138922397163427e-04,4.359895435919865919e-02,7.407029609568805024e-03,2.860932492582529685e-01,3.707470393020714100e-03
1.549090671195157596e-05,1.676400079516999141e-05,2.239231043680589468e-10,2.361363601562183063e-08,1.163073504967009371e-07,9.999346302500375927e-01,7.797621677340571051e-06,1.237892921747329212e-05,1.279814665094492449e-05
9.612219653278336606e-02,1.407815731460926867e-01,7.058857239279120455e-01,4.605095572954943711e-05,2.263512732666203120e-04,1.225796734573264112e-03,8.013734116585145839e-03,4.464797243388791276e-02,3.050600879169390166e-03
2.865035430474186396e-03,9.814390618885424633e-01,5.797109470558917078e-04,2.523085106193181962e-06,1.258450187967385886e-05,2.442912167096138350e-03,1.343473779365444932e-04,1.252149363158317451e-02,2.330970325615430457e-06
4.965267662825064571e-03,9.786694043724487591e-01,3.191718530802681829e-03,5.718775654879407583e-06,2.867208920179201265e-05,3.424292672478851038e-03,7.288867004875436081e-04,8.972024415874442840e-03,1.401478022596986776e-05
2.643375212971248445e-01,2.280278353884162001e-01,6.161138125638968704e-02,1.714658099383649240e-04,8.425079453651654251e-04,1.922923397510858945e-01,2.863695706965222257e-02,1.962839534191792579e-01,2.779603806284840564e-02
3.199398417739175715e-02,5.215972549712892814e-01,3.199892462208515139e-03,4.947630301326328995e-05,2.480856712616545450e-04,4.020159984369433004e-01,1.775054948553247622e-02,2.110777357939042781e-02,2.036984912969331575e-03
9.686718350937870148e-02,3.804105535460171605e-01,1.158059274797882260e-01,7.468447773884072079e-05,3.650414177466786972e-04,1.616372583916022079e-02,4.477318776009410473e-03,3.828228755148240237e-01,3.012689439336900445e-03
5.928453187637532373e-01,1.076410549874054143e-02,4.883131431012060347e-02,1.079603243660022006e-04,5.197005836071804871e-04,6.652477437813086869e-02,1.306262234285711019e-02,1.563254438421014525e-01,1.110187599563228766e-01
7.079825055848985027e-01,3.597830302587829137e-04,2.987881663649862886e-03,1.660075469194939308e-05,8.249674477370606341e-05,3.134035129506218542e-02,1.607274606264823547e-01,2.194818999536729255e-05,9.648097211018744068e-02
1.632562368950394305e-01,2.386945704312248839e-02,1.990737223308216425e-02,5.978105817235604733e-05,2.864990594799332493e-04,4.366217057561035120e-02,1.856477400064316784e-03,7.306044677275120858e-01,1.649753800791683642e-02
1.191818639525458502e-02,1.324679039721201853e-03,9.523975981030304093e-05,1.413906378043515659e-05,6.769898094411147679e-05,8.391477515421403854e-01,7.329505523287788583e-04,1.223156673331012440e-01,2.438368733291880475e-02
6.532919419341715948e-06,9.980482929638942154e-06,2.558654467888247754e-08,1.179760163077831879e-07,5.936595874372681271e-07,9.989185145670661514e-01,9.176750426645604274e-05,4.164089664908094643e-05,9.308264075209089945e-04
7.045435862617788084e-05,9.997222972438768451e-01,1.619699915274534451e-05,8.266758053209011760e-08,4.236005464776641963e-07,1.004221867416557845e-04,1.281025636626528594e-05,7.730762992581632627e-05,5.057183761253498647e-09
3.651185796388500826e-02,5.603438021379268941e-01,3.492821723301914316e-01,4.725343558548490052e-05,2.354787385901659265e-04,3.589249058887996561e-03,1.088417504119370410e-02,3.774718868616746409e-02,1.358822607572083337e-03
1.547935106707421793e-01,9.612610211918866734e-03,1.631572748811865869e-02,1.146752698989428988e-04,5.593719502367127967e-04,4.589417254683130776e-01,3.373127934584804755e-02,6.849868586546997706e-02,2.574324137294535242e-01
2.277798382918972721e-03,5.715913288232193023e-07,4.639574739204483799e-04,2.240711249899486769e-06,1.067916332434376039e-05,1.199791015331947916e-02,9.441352563897984157e-04,1.178464445806047620e-03,9.831242428217422669e-01
1.728268873891616875e-02,3.892177863024275444e-04,1.928592103819722374e-04,1.712208792573168068e-05,8.232695812695457695e-05,8.263819016219803304e-01,2.720935550511002082e-03,2.924176173038317214e-02,1.236911863154720737e-01
2.148310807708208800e-02,1.518707075236705320e-03,3.597173115850377939e-02,1.862041646610740025e-05,8.833687162830764611e-05,3.537883033312273426e-03,2.861439576971729635e-04,9.150756189017331677e-01,2.201985050834035298e-02
1.572253011014355592e-02,9.643797834776572930e-01,2.733763651886451235e-03,6.398347030879758842e-06,3.181737705719264893e-05,2.995462718094056391e-03,5.379412662015993973e-04,1.358038591681857803e-02,1.191713511007721583e-05
1.421330356603487874e-02,9.368689428932172047e-01,1.744643522646905157e-02,1.972467906702697100e-05,9.893302004117754888e-05,1.014051701915210518e-02,4.134853278978279680e-03,1.690284577145993034e-02,1.744445455802402995e-04
8.995209014782067358e-01,1.321001240625381025e-02,1.588791466451801304e-02,3.655691934747508105e-05,1.755071239536501178e-04,1.077242020034578640e-02,3.235460276652079616e-03,4.986326757763211853e-02,7.297959353090348322e-03
3.282797588666398089e-08,9.999993040165863212e-01,4.158861539355302961e-08,1.472468606714653668e-10,7.955960780774187760e-10,2.422899221292630670e-07,3.759461200051408370e-07,2.387844914482055454e-09,9.242718769882930696e-14
2.407860972235558242e-02,9.008932403735644412e-01,2.076715787053735884e-02,1.868735899174996806e-05,9.259845853919809050e-05,5.077847480564348648e-03,1.668122224263842053e-03,4.728957900008719240e-02,1.141575110964504518e-04
1.664617917670972724e-02,1.540755225591854214e-03,8.232549865153059310e-01,2.607148131086110929e-05,1.293514186667103110e-04,1.193408351190141390e-03,3.410546567030458415e-02,2.296884518611894653e-03,1.208068976423083835e-01
8.865345723885632162e-04,9.874076771344804104e-01,9.917693269282679483e-03,1.978403370328802232e-06,1.014496223894383006e-05,2.452456232908057417e-04,1.126234572983624352e-03,4.014853471831196377e-04,3.006114781658053592e-06
4.530782735405530705e-05,9.981602834490688192e-01,4.064802107945790960e-05,2.451190766207039939e-07,1.286096297670353809e-06,1.236011438478040302e-03,5.076381106454603848e-04,8.471042679658846155e-06,1.088953201433399639e-07
1.237401032551889757e-06,9.999666216445243228e-01,6.397881583333553083e-06,8.529406484234907330e-09,4.558368246408608704e-08,8.614880206519475009e-06,1.678614328374499140e-05,2.877381945796349370e-07,1.980858948172883395e-10
2.831838523399511295e-02,6.283544532933097448e-01,1.799705933949170555e-01,5.043853533077040867e-05,2.494877804295996936e-04,7.237132040650840620e-03,5.061734851398593145e-03,1.494651292175679935e-01,1.292645652400275548e-03
9.343546465978991170e-04,1.712818833989395578e-02,1.945994811113945842e-06,1.905446061776713871e-06,9.574541901818431859e-06,9.803045324338135469e-01,1.025678441156177264e-03,4.754358493070172560e-04,1.183843064567272876e-04
1.081808308875760656e-04,5.057302618289195325e-05,5.222489258212959167e-08,3.056591353436392394e-07,1.484860036843990876e-06,9.985047747367047366e-01,4.379545216427911929e-05,7.311031061894645395e-04,5.597301038060755341e-04
6.090507878173475123e-03,8.501227884774459342e-01,2.128306853186045253e-04,8.419971536929053626e-06,4.269381760047418655e-05,1.375135102229068373e-01,3.466253752429251152e-03,2.494960307462629201e-03,4.803488712578113422e-05
5.220077901617723587e-02,3.901715071863978007e-02,2.880969891235205579e-03,6.634242835639901290e-05,3.251905593416466712e-04,7.627037345318029571e-01,1.043910841802634347e-02,1.044809069534778229e-01,2.788581748294255078e-02
5.926530242433015669e-03,1.230643065441025707e-05,4.992226104190474606e-02,8.324519551264729101e-06,4.041915295057055106e-05,2.173239664158887162e-03,7.504979125682245157e-03,1.479109176740655684e-03,9.329328306459242492e-01
1.783237941783487987e-08,9.999998230394357979e-01,1.921709267166359212e-08,6.269826672262128150e-11,3.375731368646879846e-10,6.735069762834279603e-08,6.904157625931528638e-08,3.118532355921717255e-09,1.425646600373148823e-14
8.646555922778966570e-06,3.932274890925323648e-05,7.863685537215927192e-11,1.354221161081170825e-08,6.793178734279544873e-08,9.999372202517293751e-01,1.025125800148717779e-05,1.912079872256867101e-06,2.565552929047008083e-06
5.144488497226239673e-06,2.096553440674498319e-06,4.623366083600512014e-06,2.354391091312067797e-08,1.080233948981968082e-07,3.038679824056816824e-05,5.007050521866607326e-09,9.999405171619757393e-01,1.709505740583947613e-05
9.413147053811956808e-03,2.723996828613303202e-03,3.674283031210134279e-03,1.734671711011497868e-05,8.277378393672265417e-05,3.502876959811063173e-02,2.820624976293180939e-04,9.335144472065398658e-01,1.526317328303789141e-02
4.082822856202283912e-02,2.049524264973841964e-03,4.268446083239062737e-03,4.189167795865293768e-05,1.995730024646002283e-04,1.717700295853604175e-01,1.429051970176470603e-03,6.747068896260400850e-01,1.047063652277640117e-01
